

Results from heasarc_fermigbrst: Fermi GBM Burst Catalog
Coordinate system:  Equatorial
|name        |ra        |dec      |t90     |
|GRB140323433|23 47 50.2|-79 54 18| 111.426|
|GRB100325246|13 56 33.6|-79 06 00|   8.192|
|GRB100507577|00 11 36.0|-79 00 36|  44.033|
|GRB140518709|16 16 09.6|-77 51 36|   0.704|
|GRB130623488|01 22 53.5|-77 47 02|  22.272|
|GRB141004150|02 01 45.6|-77 18 00|   9.472|
|GRB101024486|04 26 01.5|-77 15 53|  20.224|
|GRB110716018|21 58 43.2|-76 58 48|   7.168|
|GRB130420422|07 48 14.4|-69 01 48|  27.328|
|GRB081226044|08 02 00.0|-69 00 00|   0.832|
|GRB171024977|14 02 07.2|-68 54 36|  35.072|
|GRB090411838|10 24 00.0|-68 54 00|  21.501|
|GRB160716144|12 38 26.4|-68 02 24|  28.928|
|GRB090719063|22 45 04.8|-67 51 36|  11.392|
|GRB100605774|18 13 43.2|-67 36 00|   8.192|
|GRB110316139|03 06 48.0|-67 34 48|   2.944|
|GRB081006604|09 28 00.0|-67 24 00|   6.400|
|GRB120711115|06 18 45.6|-71 00 00|  44.033|
|GRB090927422|22 55 48.0|-70 58 48|   0.512|
|GRB140616165|06 59 45.6|-70 30 36|   0.512|
|GRB090606471|09 47 45.6|-70 29 24|   8.064|
|GRB130505955|22 57 52.8|-70 28 12|  50.241|
|GRB171020813|15 38 24.0|-70 09 36|  19.200|
|GRB080717543|09 49 12.0|-70 00 00|  36.608|
|GRB100429999|05 56 21.6|-69 57 36|  25.024|
|GRB120107384|16 25 36.0|-69 55 48|  23.040|
|GRB141022061|16 07 36.2|-72 07 44|  11.520|
|GRB170113420|04 06 56.4|-71 55 59|  49.152|
|GRB120827216|14 50 57.6|-71 53 24|   5.056|
|GRB100517639|03 30 55.2|-71 52 12|   5.440|
|GRB090802666|17 48 04.8|-71 46 12|  27.520|
|GRB110618366|11 47 13.9|-71 41 17| 163.843|
|GRB090516137|08 08 48.0|-71 37 12| 118.018|
|GRB130320560|13 02 09.4|-71 15 32| 352.768|
|GRB091117080|16 26 09.6|-73 56 24| 113.664|
|GRB110517453|19 44 21.6|-73 45 36|   0.576|
|GRB170304003|22 02 00.0|-73 45 36|   0.160|
|GRB140712973|05 33 55.2|-73 37 12|  28.160|
|GRB090304216|13 03 36.0|-73 24 00|   2.816|
|GRB151026523|07 09 33.6|-73 19 12|  63.232|
|GRB160625230|20 58 07.2|-73 15 36|  43.265|
|GRB100604287|16 33 12.0|-73 11 24|  13.440|
|GRB130727698|22 03 11.8|-65 32 18|  12.992|
|GRB101023951|21 11 52.8|-65 23 09|  76.801|
|GRB170827818|03 15 09.6|-65 22 48|   0.832|
|GRB161105417|16 37 00.0|-65 13 00|  41.473|
|GRB170210116|15 04 13.2|-65 06 04|  71.425|
|GRB090602564|16 35 45.6|-65 01 12|  20.736|
|GRB090924625|04 38 55.2|-65 01 12|   0.352|
|GRB110411629|14 01 12.0|-64 59 24|  23.552|
|GRB151003729|04 01 21.6|-66 22 12|  44.032|
|GRB090926181|23 33 36.2|-66 19 26|  13.760|
|GRB150628767|23 08 04.8|-66 10 48|   0.640|
|GRB120919816|20 14 07.2|-66 09 36|  20.480|
|GRB101011707|03 13 12.0|-65 54 00|  36.352|
|GRB090625560|00 09 02.8|-65 46 49|  11.776|
|GRB160303971|20 08 48.0|-65 40 48|  27.136|
|GRB120426090|07 26 08.9|-65 37 52|   2.880|
|GRB140612294|17 49 31.2|-64 06 36|  38.913|
|GRB151117442|01 18 33.6|-64 06 00|  58.561|
|GRB150204272|10 40 57.8|-64 02 35|  11.008|
|GRB110818860|21 09 20.9|-63 58 52|  67.073|
|GRB170127067|22 37 19.2|-63 56 24|   0.208|
|GRB140508179|23 22 07.2|-63 46 48|  19.456|
|GRB130523198|02 37 57.6|-63 04 12|   5.376|
|GRB131105087|04 44 02.6|-62 58 52| 112.642|
|GRB150301818|05 56 37.7|-57 58 37|  13.312|
|GRB090510325|17 57 36.0|-57 54 00|   7.424|
|GRB150821406|22 47 39.1|-57 53 39| 103.426|
|GRB140330180|21 52 16.3|-57 44 42|  34.049|
|GRB091031500|04 46 48.0|-57 30 00|  33.921|
|GRB081008832|18 40 00.0|-57 24 00| 150.015|
|GRB120220210|13 44 31.2|-57 21 36|  21.248|
|GRB141222298|11 52 09.6|-57 21 00|   2.752|
|GRB140716436|07 12 41.5|-60 10 33| 168.253|
|GRB130701060|06 31 09.6|-60 07 48|  20.224|
|GRB130617564|04 58 55.2|-60 03 36|   0.768|
|GRB160912350|12 13 09.6|-60 02 24|  32.705|
|GRB150827785|04 33 12.0|-60 00 00|  10.496|
|GRB171112868|01 21 52.1|-59 40 41| 145.152|
|GRB120909070|18 22 57.6|-59 27 00| 112.066|
|GRB100225115|20 41 12.0|-59 24 00|  12.992|
|GRB140115863|14 00 07.2|-61 24 36|  14.909|
|GRB120119229|09 18 36.0|-61 19 48|  41.728|
|GRB080719529|10 12 48.0|-61 18 00|  16.128|
|GRB120304061|08 28 36.0|-61 07 12|   9.984|
|GRB081006872|11 28 48.0|-61 00 00|   3.328|
|GRB150514774|04 59 24.0|-60 54 36|  10.813|
|GRB091231206|13 17 26.4|-60 42 00|  42.561|
|GRB161106786|18 58 07.2|-60 39 00|  12.544|
|GRB160223670|01 12 26.4|-48 32 24| 288.005|
|GRB150820880|17 14 36.0|-48 19 48|   5.888|
|GRB130919985|16 08 52.8|-48 17 24|  17.408|
|GRB160227831|08 13 43.2|-48 16 12|   7.680|
|GRB120212353|20 13 36.0|-48 06 00|   0.864|
|GRB150322066|08 23 21.6|-48 03 00|  15.613|
|GRB151114645|04 08 33.6|-47 54 00|  34.816|
|GRB100204024|03 23 07.2|-47 53 24| 136.195|
|GRB090805622|20 00 06.5|-50 50 41|  46.592|
|GRB160905471|10 48 58.8|-50 48 05|  33.537|
|GRB110706477|06 16 36.0|-50 46 12|  73.217|
|GRB081215880|15 14 24.0|-50 42 00|   7.680|
|GRB150922883|18 16 33.6|-50 28 12|   2.816|
|GRB140608153|10 04 52.8|-50 15 36|  71.681|
|GRB091207333|00 50 40.8|-50 11 24|  27.073|
|GRB120709883|21 13 36.0|-50 06 00|  27.328|
|GRB120304248|18 29 07.2|-46 13 12|   5.376|
|GRB110125894|22 05 24.0|-46 12 36|   4.800|
|GRB150222450|11 21 12.0|-46 12 00|  65.281|
|GRB100718160|08 07 19.2|-46 10 48|  32.641|
|GRB161128216|17 29 43.2|-46 03 00|   6.912|
|GRB100918863|20 33 38.4|-45 57 36|  86.017|
|GRB170402961|20 31 40.8|-45 55 48|  22.528|
|GRB120728434|06 55 05.3|-45 53 35| 100.481|
|GRB130906435|18 37 33.6|-53 22 48|   8.192|
|GRB080804972|21 54 48.0|-53 12 00|  24.704|
|GRB100204566|18 12 16.8|-52 46 48|  32.513|
|GRB141215560|11 56 13.4|-52 44 42|  11.264|
|GRB120521380|13 08 03.8|-52 44 31|  91.134|
|GRB100313288|11 30 50.4|-52 34 48|  12.864|
|GRB141122875|18 42 26.4|-52 31 12|  30.720|
|GRB150508945|03 03 43.2|-52 27 00| 113.920|
|GRB161020024|10 44 07.4|-54 46 07|  12.288|
|GRB100715477|19 57 04.8|-54 42 36|  14.848|
|GRB081109293|22 03 12.0|-54 42 00|  58.369|
|GRB120728934|09 08 22.8|-54 26 18|  32.768|
|GRB160513553|18 14 16.8|-54 25 12|   1.664|
|GRB171010875|02 16 29.5|-54 24 36|  25.344|
|GRB100201588|07 42 40.8|-54 21 00| 122.114|
|GRB090308734|01 27 36.0|-54 18 00|   1.664|
|GRB130515056|18 53 41.3|-54 16 52|   0.256|
|GRB111009282|12 12 09.6|-56 49 12|  20.736|
|GRB150824079|11 10 12.0|-56 46 01|  13.568|
|GRB090519462|07 03 36.0|-56 42 00|  91.329|
|GRB080916009|07 59 12.0|-56 36 00|  62.977|
|GRB100825287|16 53 45.6|-56 34 12|   3.328|
|GRB120316008|03 48 03.8|-56 17 17|  26.624|
|GRB161228388|17 22 40.8|-56 03 36|  72.704|
|GRB111220486|17 50 24.0|-56 03 00|  39.041|
|GRB141011467|17 17 31.2|-43 00 00|  12.029|
|GRB150324164|12 03 14.4|-42 43 12|   4.608|
|GRB151210041|19 35 52.8|-42 42 00|  37.633|
|GRB121109338|00 27 21.6|-42 34 12|  22.144|
|GRB080823363|05 59 12.0|-42 24 00|  43.456|
|GRB130404840|09 46 19.2|-42 09 36|  34.561|
|GRB090610723|18 23 57.6|-42 05 24| 144.896|
|GRB090701225|07 38 45.6|-42 04 12|   4.160|
|GRB150418819|20 49 43.2|-43 31 48|   3.840|
|GRB120719146|13 37 09.6|-43 27 00|  75.009|
|GRB081118876|03 38 24.0|-43 18 00|  20.736|
|GRB090320045|07 13 12.0|-43 18 00|   2.368|
|GRB090623107|20 36 00.0|-43 14 24|  47.105|
|GRB111103948|13 26 19.2|-43 09 36|   0.320|
|GRB090620901|16 05 31.2|-43 01 12|   0.960|
|GRB090227310|00 13 12.0|-43 00 00|  16.189|
|GRB110511616|14 16 24.0|-45 25 12|   5.888|
|GRB170301812|18 34 12.0|-45 22 48|  12.544|
|GRB120323162|14 04 24.0|-45 13 48|   4.352|
|GRB170424425|22 54 07.2|-45 12 00|  53.249|
|GRB111024722|10 50 57.6|-44 56 24|  68.609|
|GRB120611108|21 38 43.2|-44 47 24|  49.921|
|GRB150305724|15 00 28.8|-44 44 24|  16.128|
|GRB140817229|01 56 12.0|-44 28 48|  26.112|
|GRB110817191|22 24 09.6|-45 50 24|   5.949|
|GRB141112539|01 09 36.0|-45 48 36| 335.876|
|GRB090427644|14 00 00.0|-45 42 00|   1.024|
|GRB120701654|12 10 55.2|-45 42 00|   1.024|
|GRB110228011|00 41 04.8|-45 40 12|  44.481|
|GRB120926753|01 38 26.4|-45 34 48|   3.072|
|GRB120919309|14 19 04.3|-45 33 50|  21.248|
|GRB120319983|04 39 24.0|-45 26 24|  72.448|
|GRB150523396|07 41 08.6|-45 25 15|  82.433|
|GRB161119633|03 08 45.6|-47 12 36|  77.824|
|GRB170906030|13 35 49.2|-47 06 03|  78.849|
|GRB141102536|13 54 27.4|-47 06 00|   2.624|
|GRB090706283|13 40 16.8|-47 04 12| 119.810|
|GRB171119992|09 02 02.4|-46 59 24|  26.369|
|GRB170115743|12 36 28.8|-46 51 00|  44.288|
|GRB170208758|11 06 15.4|-46 46 03|   7.168|
|GRB150604284|20 25 04.8|-46 43 12|  52.736|
|GRB121225417|20 41 48.0|-34 49 48|  58.497|
|GRB160225809|10 00 45.6|-34 42 36|  64.257|
|GRB100910818|15 52 24.0|-34 37 12|  13.824|
|GRB090427688|23 44 48.0|-34 36 00|  12.288|
|GRB101219686|00 48 55.3|-34 33 58|  51.009|
|GRB120707800|19 24 14.4|-34 26 24|  40.960|
|GRB110409179|15 54 48.0|-34 19 12|   0.128|
|GRB090310189|12 19 36.0|-34 12 00| 116.930|
|GRB140430716|09 45 31.2|-36 52 48|  26.368|
|GRB091112737|17 10 54.7|-36 42 54|  24.576|
|GRB140911012|08 33 33.6|-36 33 36| 116.736|
|GRB120222119|22 40 00.0|-36 24 36|  29.440|
|GRB090718762|18 16 28.8|-36 23 24|  23.744|
|GRB140110263|01 55 36.0|-36 15 36|   9.472|
|GRB150726877|17 37 31.2|-36 12 00|  46.849|
|GRB090531775|16 48 14.4|-36 03 00|   0.768|
|GRB150201590|00 47 19.8|-37 37 09|  25.600|
|GRB090608052|06 40 45.6|-37 24 36|  21.504|
|GRB100118100|00 37 02.4|-37 22 12|   9.216|
|GRB111120556|22 58 24.0|-37 20 24|  98.626|
|GRB120926426|03 58 52.8|-37 12 00|  60.161|
|GRB130627372|12 17 46.8|-37 05 10|  35.840|
|GRB101102840|18 58 43.2|-37 01 48|  43.520|
|GRB141003564|21 27 04.8|-36 53 24|   8.704|
|GRB150423285|14 41 33.6|-38 50 24|  14.336|
|GRB090117632|08 06 24.0|-38 48 00|  75.777|
|GRB101224998|21 40 40.8|-38 39 36|  18.688|
|GRB110721200|22 09 49.4|-38 37 41|  21.822|
|GRB111107076|21 01 50.4|-38 31 48|  77.185|
|GRB150712846|01 21 00.0|-38 27 36|  59.648|
|GRB170915161|08 01 02.4|-38 25 12|  15.613|
|GRB170125102|23 57 38.4|-38 13 48|   0.672|
|GRB110609425|21 10 31.2|-38 09 36|  33.024|
|GRB160131116|22 14 45.6|-41 26 24|  34.816|
|GRB110420946|21 20 10.8|-41 16 37|   0.128|
|GRB170219110|05 14 45.6|-41 13 48|  10.240|
|GRB140721336|11 42 50.4|-41 12 36| 127.746|
|GRB140329272|06 09 24.0|-41 04 48|   0.064|
|GRB150817251|02 04 12.0|-41 00 00|  13.312|
|GRB150222832|19 38 09.6|-40 56 24|  74.752|
|GRB150923429|17 51 14.4|-40 39 36|   0.192|
|GRB090513916|17 59 12.0|-31 36 00|  25.280|
|GRB120710100|08 01 33.6|-31 08 24| 131.840|
|GRB091122163|08 02 02.4|-31 07 48|   1.984|
|GRB120219563|18 19 24.0|-31 06 36|   8.128|
|GRB101214993|12 04 31.2|-31 03 36|  11.520|
|GRB130715906|19 09 28.8|-31 03 00|  47.873|
|GRB091006360|16 12 26.4|-31 02 24|   0.192|
|GRB130701761|21 43 45.6|-30 53 24|   1.600|
|GRB151218857|00 37 48.0|-30 43 48|   3.328|
|GRB170711019|04 26 45.6|-30 41 24|  15.104|
|GRB141209131|06 00 48.0|-30 34 12|  78.081|
|GRB090112332|07 23 36.0|-30 24 00|  58.369|
|GRB140223495|09 24 28.8|-30 24 00|  17.408|
|GRB171023097|21 41 26.4|-30 24 00|  64.257|
|GRB170127634|01 19 54.4|-30 21 32|   1.728|
|GRB150511362|06 04 43.2|-30 21 00|  31.232|
|GRB141031998|08 52 19.2|-33 40 48|   0.160|
|GRB090626189|11 20 02.4|-33 30 00|  48.897|
|GRB150805746|21 44 19.2|-33 24 00|   1.408|
|GRB111109453|08 54 55.2|-33 21 00|   4.864|
|GRB080812889|11 46 48.0|-33 12 00|  15.040|
|GRB131209547|09 06 00.0|-33 12 00|  13.568|
|GRB140919636|14 46 09.1|-33 10 33| 108.546|
|GRB111022854|06 58 00.0|-33 06 36|   0.192|
|GRB090829672|21 56 55.2|-34 11 24|  67.585|
|GRB150214293|22 50 19.2|-34 10 12|   0.192|
|GRB081222204|01 30 48.0|-34 06 00|  18.880|
|GRB141110232|16 52 31.2|-34 05 24|  36.608|
|GRB160310291|16 22 21.6|-34 01 48|  23.613|
|GRB110616648|18 17 48.0|-34 01 12|  12.544|
|GRB161206064|00 03 45.6|-34 01 12|  33.537|
|GRB110509142|12 03 14.4|-34 00 00|  68.864|
|GRB080904886|14 16 48.0|-30 18 00|  17.344|
|GRB160625240|08 28 31.2|-30 15 36|  10.752|
|GRB150426594|01 10 33.6|-30 13 48|  22.528|
|GRB150318521|17 56 12.0|-30 13 12|  94.720|
|GRB140511095|21 59 02.4|-30 03 36|   1.408|
|GRB150227702|12 41 12.0|-29 55 48|  17.408|
|GRB111221739|00 40 38.4|-29 46 12|  27.136|
|GRB170730133|21 35 38.4|-29 45 00|   6.656|
|GRB160709826|15 44 26.4|-28 30 00|   5.632|
|GRB090621417|17 09 57.6|-28 27 36|  27.009|
|GRB170114833|09 11 40.8|-28 27 36|  29.184|
|GRB160221993|15 28 19.7|-28 26 01|  11.520|
|GRB090509215|16 05 36.0|-28 24 00| 283.844|
|GRB101214748|00 02 45.6|-28 16 12|   2.240|
|GRB170906039|15 28 49.0|-28 15 23|  11.520|
|GRB170829414|22 40 19.2|-28 13 48|  51.457|
|GRB090418816|17 31 12.0|-28 12 00|   0.320|
|GRB100207665|20 31 26.4|-27 43 48|  15.360|
|GRB130209961|02 14 21.6|-27 34 48|   9.790|
|GRB110920546|13 59 16.8|-27 33 36| 160.771|
|GRB150118927|10 40 18.5|-27 33 18|   0.288|
|GRB101002279|21 33 24.0|-27 28 12|   7.168|
|GRB160419637|01 05 41.8|-27 20 35|  24.320|
|GRB150831930|18 04 05.0|-27 15 07|  13.760|
|GRB081028538|01 04 00.0|-27 12 00|  13.312|
|GRB100816009|06 48 28.8|-26 39 36|  62.401|
|GRB171013350|11 25 07.2|-26 38 24|  39.425|
|GRB131006367|21 41 31.2|-26 37 48|   0.128|
|GRB090510016|22 14 24.0|-26 36 00|   0.960|
|GRB101017619|01 49 52.8|-26 33 00|  47.872|
|GRB160428412|01 52 45.6|-26 31 12|   0.576|
|GRB100325275|22 00 57.6|-26 28 12|   7.104|
|GRB150629564|20 30 36.0|-26 27 00|   1.920|
|GRB110725236|18 00 33.6|-25 12 00|  20.224|
|GRB100922625|23 47 55.2|-25 11 24|   4.352|
|GRB090908341|11 36 33.6|-25 07 48|  36.864|
|GRB130907760|15 46 31.2|-25 06 00|   3.136|
|GRB121028280|03 30 14.4|-25 04 12|  11.008|
|GRB140109877|01 36 21.6|-25 03 00|   3.328|
|GRB090909854|03 36 43.2|-25 01 48|   1.152|
|GRB120619884|12 42 57.6|-25 01 12|   0.960|
|GRB160218711|02 13 19.2|-26 27 00|  20.224|
|GRB170621784|05 04 14.4|-26 26 24|  32.000|
|GRB120817168|00 33 14.4|-26 25 41|   0.160|
|GRB170926782|22 56 28.8|-26 15 00|   0.896|
|GRB170825307|18 17 45.6|-26 10 12|   6.656|
|GRB090828099|08 17 31.2|-26 08 24|  68.417|
|GRB130925164|02 44 43.9|-26 08 02|   6.400|
|GRB130925173|02 44 43.9|-26 08 02| 215.555|
|GRB120608489|15 19 55.2|-26 07 12|   0.960|
|GRB131119781|03 11 50.4|-24 00 36|  34.816|
|GRB090307167|11 30 48.0|-23 54 00|  29.440|
|GRB110828575|07 22 19.2|-23 48 36|  44.673|
|GRB160222070|20 38 19.2|-23 46 12|  18.176|
|GRB101021009|00 03 28.8|-23 42 36| 120.770|
|GRB091026485|09 08 19.2|-23 39 00|   3.328|
|GRB170817529|13 09 48.0|-23 22 53|   2.048|
|GRB080831921|17 16 24.0|-23 12 00|  74.497|
|GRB160921087|17 07 48.0|-22 40 48|  48.384|
|GRB090621447|00 49 04.8|-22 34 48|  26.112|
|GRB101126198|05 39 04.8|-22 33 00|  43.837|
|GRB091010113|19 54 40.6|-22 32 17|   5.952|
|GRB160819852|07 36 33.4|-22 20 49|  33.536|
|GRB130722990|23 29 38.4|-22 18 36|   2.304|
|GRB130219197|11 17 09.6|-22 15 00| 168.003|
|GRB100730463|22 39 09.6|-22 13 48|  63.873|
|GRB110204179|00 07 16.8|-17 24 00|  28.672|
|GRB081230871|13 50 24.0|-17 18 00|   0.512|
|GRB101129652|10 31 00.0|-17 15 00|   0.384|
|GRB130310840|09 29 21.6|-17 13 48|  16.000|
|GRB151023104|23 58 57.6|-17 09 00|  10.240|
|GRB110105877|05 40 26.4|-17 07 12| 123.394|
|GRB161201342|23 14 55.2|-17 06 36|  12.800|
|GRB080817720|05 20 48.0|-17 06 00|   4.416|
|GRB110209165|21 58 48.0|-21 55 48|   5.632|
|GRB100304534|17 20 33.6|-21 55 12|  19.008|
|GRB110321346|00 53 14.4|-21 48 36|  30.720|
|GRB150203545|10 27 31.2|-21 48 36|  23.808|
|GRB091120191|15 07 14.4|-21 47 24|  50.177|
|GRB131202633|22 56 13.0|-21 39 46|  19.968|
|GRB150604434|04 49 45.6|-21 35 24|   0.896|
|GRB120805706|02 00 31.2|-21 30 36|   1.856|
|GRB150422703|14 20 24.0|-20 51 36|  36.865|
|GRB130909817|13 12 43.2|-20 47 24|  33.792|
|GRB151229285|21 57 28.8|-20 43 57|   3.456|
|GRB141223240|09 49 31.2|-20 42 36|  94.208|
|GRB130507545|21 18 57.6|-20 31 48|  60.160|
|GRB160925221|23 13 28.8|-20 25 12|  50.944|
|GRB150904479|04 28 19.2|-20 22 48|  23.296|
|GRB090502777|17 51 12.0|-20 18 00|  66.048|
|GRB150415029|14 42 31.2|-19 20 24|  34.557|
|GRB100324172|02 38 41.3|-19 17 13|  17.920|
|GRB091126333|05 33 00.0|-19 16 12|   0.192|
|GRB141229492|04 49 42.8|-19 13 58|  13.824|
|GRB120916085|05 28 09.6|-19 13 12|   1.280|
|GRB160818198|06 57 12.0|-19 13 12|   6.400|
|GRB090426066|01 10 24.0|-19 12 00|  16.128|
|GRB131014215|06 42 00.0|-19 06 00|   3.200|
|GRB110624906|04 20 04.8|-15 57 00|   3.520|
|GRB110901230|09 25 07.2|-15 47 24|  22.528|
|GRB100207721|21 27 07.2|-15 46 48|  17.728|
|GRB100301068|07 20 33.6|-15 40 48|   0.960|
|GRB100722096|15 55 04.8|-15 36 36|   7.165|
|GRB120524134|23 52 36.0|-15 36 36|   0.704|
|GRB170816258|00 42 48.0|-15 36 36|  61.440|
|GRB150501017|03 20 00.0|-15 34 12|   9.728|
|GRB110523344|14 36 07.2|-15 25 12|  44.544|
|GRB151228129|14 16 01.0|-17 41 20|   0.256|
|GRB081012549|02 00 48.0|-17 36 00|  30.721|
|GRB090823133|03 18 07.2|-17 34 48|  63.361|
|GRB130418844|14 26 07.2|-17 32 24| 169.472|
|GRB090810781|07 45 43.2|-17 28 48|  62.977|
|GRB120130699|10 00 09.6|-17 27 00|  27.776|
|GRB141102112|14 52 55.2|-17 25 12|   0.016|
|GRB100221368|01 48 28.8|-17 24 36|  23.552|
|GRB100126460|22 33 28.8|-18 44 24|  10.624|
|GRB150603823|18 17 48.0|-18 42 36| 102.144|
|GRB170115662|05 26 14.4|-18 40 12| 120.320|
|GRB100323542|12 35 28.8|-18 39 36|  60.673|
|GRB090820509|21 13 02.4|-18 34 48|  15.296|
|GRB160220059|15 47 48.5|-18 33 54|   8.768|
|GRB100820373|17 15 09.6|-18 30 36|   8.960|
|GRB081101167|14 13 12.0|-18 30 00|   9.984|
|GRB150703149|09 03 12.0|-11 11 24|  50.176|
|GRB140320092|18 47 26.4|-11 10 12|   2.304|
|GRB110424758|19 33 14.4|-11 07 12|   0.672|
|GRB100926694|02 54 19.2|-11 06 00|  37.888|
|GRB121004211|09 09 50.4|-11 01 12|   1.536|
|GRB151021791|06 57 21.6|-10 57 36|   7.229|
|GRB150101641|12 32 00.0|-10 57 22|   0.080|
|GRB140526571|09 31 57.6|-10 57 00|   0.064|
|GRB110407998|06 29 38.4|-11 57 00|   9.024|
|GRB100218194|13 46 33.6|-11 56 24|  29.185|
|GRB121229533|21 02 21.6|-11 56 24|  23.037|
|GRB121123421|20 29 16.3|-11 51 32| 102.338|
|GRB090516353|09 13 02.4|-11 51 00| 123.074|
|GRB130919173|19 49 24.0|-11 43 48|   0.960|
|GRB090917661|15 21 21.6|-11 41 24|  26.624|
|GRB130306991|18 37 55.2|-11 41 24| 120.578|
|GRB160521839|04 50 02.4|-13 42 00|  15.872|
|GRB120426585|19 01 57.6|-13 40 48|  30.973|
|GRB140211091|07 43 21.6|-13 35 24|   3.456|
|GRB130717734|17 06 21.6|-13 34 12|  55.296|
|GRB160523919|17 24 33.6|-13 27 00|  72.960|
|GRB141114687|00 27 00.0|-13 25 12|  44.800|
|GRB091020977|12 31 12.0|-13 24 00|  37.505|
|GRB170901255|07 50 02.4|-13 13 48|   8.960|
|GRB080808772|06 26 48.0|-14 24 00| 211.970|
|GRB150811849|12 25 23.5|-14 06 18|   0.640|
|GRB091002685|02 47 40.8|-14 00 36|   2.752|
|GRB080725435|08 06 48.0|-14 00 00|  25.920|
|GRB140426515|11 37 57.6|-13 57 00|  37.568|
|GRB110809461|11 28 40.8|-13 55 48|  12.544|
|GRB160101030|14 38 36.2|-13 48 55|   4.669|
|GRB090516853|01 02 48.0|-13 42 00|  14.464|
|GRB111001804|22 40 02.4|-15 19 48|   0.384|
|GRB130114019|20 40 45.6|-15 19 12|   8.704|
|GRB110318552|22 33 05.8|-15 16 55|  14.464|
|GRB100728095|05 55 02.6|-15 15 22| 165.378|
|GRB081017474|07 16 00.0|-15 12 00|  28.416|
|GRB170430204|02 19 31.2|-15 10 12|   0.384|
|GRB170419898|04 01 59.5|-15 08 35|  24.064|
|GRB140512814|19 17 29.0|-15 06 00| 147.970|
|GRB160515819|05 22 16.8|-16 18 36|  84.481|
|GRB080817161|09 55 36.0|-16 18 00|  60.289|
|GRB150424403|12 11 02.2|-16 12 43|  36.096|
|GRB120831901|09 36 04.8|-16 12 36|   0.384|
|GRB101201418|00 07 49.2|-16 11 46| 112.639|
|GRB111117526|01 48 38.4|-16 06 36|  23.808|
|GRB080807993|06 46 48.0|-16 00 00|  19.072|
|GRB110410133|02 03 45.6|-15 57 00|  61.952|
|GRB160710233|02 45 52.8|-09 01 48|  53.248|
|GRB170208940|08 28 34.6|-09 01 47|  22.016|
|GRB161230511|21 36 26.4|-08 58 48|  48.896|
|GRB090319622|18 53 12.0|-08 54 00|  54.785|
|GRB140104731|14 35 14.4|-08 54 00| 188.417|
|GRB120429003|11 03 55.2|-08 45 36|   1.664|
|GRB140106345|00 09 21.6|-08 45 00|  33.024|
|GRB110426629|14 39 43.2|-08 43 12| 356.357|
|GRB140712706|21 17 07.2|-10 43 12|  26.624|
|GRB170402285|22 01 26.4|-10 37 48|   7.229|
|GRB170915520|17 19 19.2|-10 33 36|   0.640|
|GRB111103441|21 48 29.3|-10 32 49|  11.968|
|GRB171010792|04 26 19.4|-10 27 48| 107.266|
|GRB120402669|14 54 55.2|-10 24 00|  20.224|
|GRB100517154|16 14 21.6|-10 22 12|  30.464|
|GRB090720276|13 34 46.6|-10 20 06|   3.712|
|GRB150303516|07 39 14.4|-05 32 24|   4.864|
|GRB081130629|00 52 48.0|-05 30 00|  45.569|
|GRB170813051|13 24 13.9|-05 29 27| 111.872|
|GRB131030791|12 25 09.6|-05 20 24|  27.392|
|GRB170520202|16 18 09.6|-05 17 24|   6.144|
|GRB130628531|00 25 09.6|-05 04 12|  21.504|
|GRB150213001|06 21 09.6|-04 51 00|   4.096|
|GRB080825593|15 36 00.0|-04 42 00|  20.992|
|GRB080816989|19 18 00.0|-06 48 00|   4.608|
|GRB090718720|16 15 02.4|-06 40 48|  76.481|
|GRB160726065|06 35 17.0|-06 38 38|   0.768|
|GRB150705588|04 26 09.6|-06 37 12|   0.704|
|GRB100707032|23 24 16.8|-06 34 12|  81.793|
|GRB090625234|01 21 09.6|-06 25 48|  14.336|
|GRB170516808|00 49 02.4|-06 24 36|  11.008|
|GRB080906212|12 11 12.0|-06 24 00|   2.875|
|GRB090929190|03 26 48.0|-07 20 24|   6.174|
|GRB120411925|02 32 16.8|-07 14 24|  38.912|
|GRB080912360|01 43 12.0|-07 12 00|  16.384|
|GRB130908677|14 36 38.4|-07 12 00|  66.048|
|GRB120118709|08 19 27.8|-07 10 55|  37.825|
|GRB130924255|01 55 04.8|-07 08 24|  37.120|
|GRB160310016|06 35 07.2|-07 06 36|  18.173|
|GRB101104810|10 44 04.8|-07 04 48|   1.280|
|GRB111113410|00 17 16.8|-07 31 12|  15.360|
|GRB110618760|09 48 12.0|-07 28 48|  89.601|
|GRB101031625|12 16 28.8|-07 28 12|   0.384|
|GRB120223933|14 38 26.4|-07 27 36|  14.336|
|GRB170705244|15 50 26.4|-07 25 48|   5.888|
|GRB090326633|17 18 48.0|-07 24 00|  16.128|
|GRB120604220|10 55 28.8|-07 24 00|  10.496|
|GRB170611937|11 34 19.2|-07 22 12|  27.904|
|GRB081206987|03 37 12.0|-08 36 00|  22.528|
|GRB140206275|21 01 02.4|-08 31 12| 146.690|
|GRB120129312|01 46 04.8|-08 30 36|   1.280|
|GRB101025146|16 00 45.6|-08 29 24|  14.336|
|GRB090217206|13 39 36.0|-08 24 00|  33.281|
|GRB150127398|19 02 52.8|-08 22 12|  52.736|
|GRB160104918|18 41 43.2|-08 20 24|  44.288|
|GRB100401297|19 23 12.0|-08 18 00|  92.416|
|GRB150906944|14 08 09.6|+01 05 24|   0.320|
|GRB090409288|20 08 24.0|+01 06 00|  30.337|
|GRB120531393|19 21 36.0|+01 13 12|  25.344|
|GRB110824009|10 08 12.0|+01 19 12|  76.607|
|GRB140102887|14 07 40.6|+01 19 59|   3.648|
|GRB160920249|21 44 33.6|+01 21 00|  15.616|
|GRB170130510|20 35 00.0|+01 26 24| 101.890|
|GRB130404428|02 03 00.0|+01 32 24|   3.328|
|GRB131231198|00 42 21.6|-01 39 00|  31.232|
|GRB150520893|08 34 07.2|-01 37 48|  15.616|
|GRB100810049|08 19 04.8|-01 36 36|   2.560|
|GRB110923481|12 05 28.8|-01 36 00|   1.664|
|GRB170901007|01 35 52.8|-01 36 00|   5.888|
|GRB150220598|09 01 59.0|-01 35 49| 144.643|
|GRB100117879|00 45 02.4|-01 35 38|   0.256|
|GRB131031482|01 58 26.4|-01 34 48|   7.424|
|GRB170101116|04 42 33.6|-01 34 48|  12.800|
|GRB091202072|17 10 00.0|-01 54 00|  27.648|
|GRB170214649|17 05 19.2|-01 52 48| 122.882|
|GRB140724533|20 58 55.2|-01 51 00|   0.896|
|GRB100612726|23 28 00.0|-01 49 48|   8.576|
|GRB130214137|21 40 04.8|-01 49 48|  96.768|
|GRB171025416|06 32 00.0|-01 46 12|  19.712|
|GRB111024896|06 04 55.2|-01 45 00|   1.792|
|GRB141020439|17 41 57.6|-01 40 48|   1.600|
|GRB120604343|07 34 19.2|-02 47 24|  12.032|
|GRB090815300|02 44 07.2|-02 43 48|  48.385|
|GRB100122616|05 16 48.0|-02 42 36|  22.529|
|GRB130527627|11 43 09.6|-02 31 12|  27.776|
|GRB130803419|14 41 01.2|-02 29 35|   7.616|
|GRB131117766|14 13 04.8|-02 28 12|  93.954|
|GRB130905377|18 23 33.6|-02 18 36|  21.248|
|GRB150922234|19 31 50.4|-02 15 00|   0.144|
|GRB160220868|21 47 33.6|+06 03 00|  22.528|
|GRB130628860|20 51 19.2|+06 06 00|   0.512|
|GRB110706202|06 40 19.2|+06 08 24|  12.032|
|GRB160731024|07 54 50.4|+06 09 00|  28.672|
|GRB160806584|18 23 21.6|+06 10 48|   1.728|
|GRB090429753|08 20 50.4|+06 12 00|   0.640|
|GRB110517573|12 40 36.0|+06 17 24|  23.040|
|GRB170318644|18 57 13.4|+06 17 55|   4.096|
|GRB110722694|14 20 14.4|+05 00 00|  73.473|
|GRB120111051|06 21 21.6|+05 00 00|  76.801|
|GRB090411991|02 34 00.0|+05 06 00|  14.336|
|GRB080808565|02 14 24.0|+05 24 00|  17.728|
|GRB100719989|07 33 12.0|+05 24 00|  21.824|
|GRB110626448|08 47 38.4|+05 33 36|   6.400|
|GRB140406120|23 50 12.0|+05 37 48| 109.312|
|GRB150729517|14 36 52.8|+05 45 00|  35.585|
|GRB080730520|16 21 36.0|+04 36 00|  17.408|
|GRB111124308|06 16 14.4|+04 37 48|   8.960|
|GRB150510139|01 04 38.4|+04 47 24|  51.904|
|GRB091220442|11 07 04.8|+04 48 36|  18.368|
|GRB131230808|04 52 12.0|+04 50 24|  49.152|
|GRB120415891|12 42 45.6|+04 54 36|   0.960|
|GRB130626596|01 39 33.6|+04 55 48|  28.160|
|GRB110729142|23 33 33.6|+04 58 12| 408.582|
|GRB150724782|23 27 40.8|+03 40 12|  37.889|
|GRB100223110|06 58 00.0|+03 42 00|   0.256|
|GRB130504978|06 06 31.3|+03 50 02|  73.217|
|GRB111226795|01 26 00.0|+03 52 12|  74.753|
|GRB140610689|19 05 02.4|+03 54 25| 134.144|
|GRB141207800|10 39 57.6|+03 54 36|  20.992|
|GRB100503554|09 49 55.2|+03 57 36| 129.602|
|GRB101208203|14 09 36.0|+04 02 24|   0.192|
|GRB090331681|14 02 00.0|+03 06 00|   0.832|
|GRB140113183|05 02 31.2|+03 10 48|  68.864|
|GRB080829790|14 47 36.0|+03 12 00|   7.680|
|GRB091231540|16 05 02.4|+03 17 24|  15.616|
|GRB150215026|20 22 28.8|+03 22 48|   0.512|
|GRB111127810|06 54 48.0|+03 30 00|  19.008|
|GRB170918139|02 26 14.4|+03 31 12|   0.128|
|GRB090908314|18 49 00.0|+03 32 24|  67.329|
|GRB170810918|12 31 45.4|+03 39 37| 136.960|
|GRB101123952|09 00 38.4|+01 54 36| 103.938|
|GRB130216790|03 55 30.0|+02 02 24|  12.992|
|GRB170808936|09 42 38.4|+02 10 48|  17.664|
|GRB170709334|20 40 09.6|+02 12 00|   1.856|
|GRB160301215|07 37 36.0|+02 17 24|  29.697|
|GRB110806934|07 28 09.6|+02 22 48|  28.416|
|GRB160908136|16 06 02.4|+02 23 24| 156.672|
|GRB141206254|21 22 14.4|+02 25 12|   4.608|
|GRB110726211|21 10 50.4|+02 28 12|  29.953|
|GRB091230260|06 46 07.2|+00 40 48|  62.976|
|GRB090518080|07 59 48.0|+00 45 00|   2.048|
|GRB160224911|21 19 28.8|+00 45 00|   0.384|
|GRB150822178|09 37 50.4|+00 51 00|  13.312|
|GRB170527480|13 00 45.6|+00 56 24|  49.153|
|GRB140906429|12 23 21.6|+00 58 48|  20.736|
|GRB101129726|18 06 09.6|+01 00 36|   0.576|
|GRB150806348|07 07 24.0|+01 00 36|  85.248|
|GRB110415541|14 15 16.8|+09 03 00| 166.146|
|GRB091202219|00 55 26.4|+09 04 48| 111.106|
|GRB170607971|00 29 22.3|+09 14 17|  22.589|
|GRB150208573|11 47 45.6|+09 20 24|   6.912|
|GRB160223072|09 50 20.2|+09 22 23| 117.762|
|GRB100522157|00 27 56.8|+09 24 08|  35.326|
|GRB120130906|04 19 50.4|+09 28 48|   3.584|
|GRB090301315|23 31 12.0|+09 30 00|  23.296|
|GRB170307851|00 54 08.4|+09 32 13|  57.857|
|GRB110102788|16 23 31.7|+07 36 58| 253.956|
|GRB150721242|22 16 33.6|+07 45 36|  18.432|
|GRB161007009|08 38 26.4|+07 48 36|  30.720|
|GRB101127093|19 21 14.4|+07 53 24|  29.440|
|GRB160822672|18 01 55.2|+08 01 12|   0.424|
|GRB151228949|22 57 41.8|+08 04 54|  28.672|
|GRB130318456|13 22 57.6|+08 07 12| 121.088|
|GRB160928825|08 41 33.6|+08 08 24|   6.141|
|GRB160625945|20 34 23.3|+06 55 11| 454.665|
|GRB140818229|13 18 15.1|+06 55 21| 109.250|
|GRB150203173|06 33 35.8|+06 57 12|  25.600|
|GRB100924165|00 02 41.3|+07 00 14|   9.024|
|GRB120412920|02 35 38.4|+07 03 36| 101.182|
|GRB110706977|23 09 52.8|+07 06 36|  33.217|
|GRB120624309|00 19 05.5|+07 10 01|   0.640|
|GRB170916700|06 33 43.2|+07 10 12|   5.120|
|GRB150210935|07 31 24.0|+12 21 36|  31.294|
|GRB130606316|22 37 28.8|+12 29 24|  24.128|
|GRB161009651|07 27 19.2|+12 33 00|  92.160|
|GRB170120471|17 31 19.2|+12 34 12|  28.928|
|GRB120608777|20 53 02.4|+12 38 24|  24.832|
|GRB141004973|05 07 00.0|+12 49 26|   2.560|
|GRB100713980|05 28 14.4|+13 00 00|   7.616|
|GRB120609580|04 29 16.8|+13 00 00|   1.792|
|GRB130307238|21 18 04.8|+10 46 12|  63.488|
|GRB151001628|15 34 55.2|+10 58 01|  23.552|
|GRB141208038|15 56 38.4|+10 58 12|  14.336|
|GRB170124528|00 43 24.0|+11 01 12|   0.448|
|GRB161005977|15 57 26.4|+11 06 00|  19.456|
|GRB140723499|01 38 31.2|+11 11 24|  45.056|
|GRB130515755|09 47 04.8|+11 15 36|   2.560|
|GRB091103912|11 22 24.0|+11 18 00|  13.568|
|GRB120716712|20 52 12.2|+09 35 55| 237.056|
|GRB101112984|06 40 24.0|+09 37 12|  82.944|
|GRB131108862|10 26 00.2|+09 39 44|  18.176|
|GRB090703329|00 03 04.8|+09 40 48|   8.960|
|GRB120302722|01 36 21.6|+09 42 36|   1.600|
|GRB170329387|23 46 24.0|+09 48 00|  33.536|
|GRB100417789|19 43 14.4|+09 50 24|  52.545|
|GRB080715950|14 18 48.0|+09 54 00|   7.872|
|GRB140406144|04 40 24.0|+13 32 24|  37.120|
|GRB140517813|08 31 00.0|+13 34 12|  18.941|
|GRB161012416|00 01 04.8|+13 34 48|  44.288|
|GRB120512112|21 42 13.9|+13 38 10|  18.176|
|GRB160216801|08 37 48.0|+13 42 00|   7.677|
|GRB170501467|06 28 02.4|+13 42 36|  47.360|
|GRB100612545|04 14 07.2|+13 44 24|   0.576|
|GRB090530760|04 52 48.0|+13 48 00| 127.554|
|GRB090617208|05 15 33.6|+15 39 00|   0.192|
|GRB160406023|15 15 45.6|+15 43 12|  23.040|
|GRB161207813|03 55 09.6|+15 43 48|  36.352|
|GRB170228773|23 43 45.6|+15 43 48|  46.081|
|GRB130116415|02 32 57.6|+15 45 00|  66.816|
|GRB130702004|14 29 14.9|+15 46 26|  58.881|
|GRB100413732|17 44 53.3|+15 50 02| 179.651|
|GRB100811108|23 03 28.8|+15 51 36|   0.384|
|GRB140828288|09 28 02.6|+14 35 24|  23.552|
|GRB130216927|04 31 36.0|+14 40 12|   6.592|
|GRB150605782|14 31 26.4|+14 42 36|   0.176|
|GRB100621529|10 43 26.4|+14 43 12|   1.024|
|GRB160711968|01 00 19.2|+14 56 24|  25.344|
|GRB130720116|16 14 00.0|+14 58 12|  48.640|
|GRB100225249|23 31 24.0|+15 01 48|  32.000|
|GRB140122597|03 44 19.2|+15 05 24|   3.584|
|GRB150110433|14 28 00.0|+18 54 00|  74.304|
|GRB140105748|16 51 31.2|+19 01 48|   0.576|
|GRB170816599|23 25 40.8|+19 05 24|   1.664|
|GRB170821265|16 51 26.4|+19 06 36|  52.992|
|GRB130109206|01 09 48.0|+19 14 24|   8.960|
|GRB150131951|04 09 04.8|+19 16 12|   8.192|
|GRB110622158|08 55 50.4|+19 27 36|  70.401|
|GRB100717446|20 17 14.4|+19 31 48|   2.432|
|GRB090522344|18 30 48.0|+19 36 00|  20.288|
|GRB090423330|09 54 48.0|+18 06 00|   7.168|
|GRB131212814|18 14 31.2|+18 06 36|   7.424|
|GRB140113624|21 57 28.8|+18 07 48|   4.608|
|GRB080925775|06 24 24.0|+18 12 00|  31.744|
|GRB091224373|22 04 40.8|+18 15 36|   0.768|
|GRB111228657|10 00 15.6|+18 17 57|  99.842|
|GRB170705115|12 46 49.0|+18 18 27|  22.781|
|GRB170830069|23 32 00.0|+18 18 36| 216.835|
|GRB150226948|10 31 02.4|+18 22 12|  32.768|
|GRB160106948|12 06 26.4|+17 27 00|  39.425|
|GRB160423066|23 43 14.4|+17 30 00|  11.968|
|GRB120830702|07 20 07.2|+17 31 48|  49.665|
|GRB091215234|18 53 00.0|+17 33 00|   4.352|
|GRB161012214|22 01 16.8|+17 33 36|  11.008|
|GRB130522510|08 56 36.0|+17 37 12|  27.904|
|GRB120824594|04 43 40.8|+17 37 48| 111.618|
|GRB101231067|12 46 50.4|+17 38 24|  23.613|
|GRB091208410|01 57 34.1|+16 53 24|  12.480|
|GRB120905657|23 43 50.4|+16 59 24| 195.587|
|GRB150728151|06 41 45.6|+17 03 36|   1.728|
|GRB081107321|03 24 00.0|+17 06 00|   1.664|
|GRB090323002|12 42 48.0|+17 06 00| 135.170|
|GRB150802207|13 26 09.6|+17 10 48|   9.984|
|GRB170711713|18 34 26.4|+17 14 24|   1.152|
|GRB100709602|09 30 07.2|+17 22 48| 100.098|
|GRB130427324|11 32 32.6|+27 42 46| 138.242|
|GRB170306130|10 31 31.2|+27 45 00|  32.257|
|GRB150128791|18 09 04.8|+27 46 48|  85.248|
|GRB100528075|20 44 28.6|+27 48 36|  22.464|
|GRB100629801|15 24 50.4|+27 48 36|   0.832|
|GRB130528503|23 30 48.0|+27 48 36|  66.304|
|GRB130828808|12 33 00.0|+27 53 24|   3.904|
|GRB110123804|16 27 52.8|+28 01 48|  17.856|
|GRB171011810|11 48 09.6|+26 55 48|   0.480|
|GRB150120685|03 12 26.4|+26 56 24|  56.832|
|GRB120913846|09 45 44.9|+26 58 37|  33.792|
|GRB100515467|18 21 52.8|+27 00 36|  10.624|
|GRB150724398|10 42 26.4|+27 03 00|  37.376|
|GRB090820027|05 50 48.0|+27 03 36|  12.416|
|GRB150804806|22 18 07.2|+27 05 24|  51.201|
|GRB101220864|00 10 48.0|+27 12 00|  31.745|
|GRB090902462|17 39 45.4|+27 19 28|  19.328|
|GRB080927480|04 05 12.0|+27 24 00|  45.313|
|GRB100804104|16 35 52.8|+27 27 00|   6.592|
|GRB140427702|08 47 38.4|+27 29 24|  13.312|
|GRB100208386|17 21 00.0|+27 31 48|   0.192|
|GRB110213876|00 25 07.2|+27 32 24|   0.320|
|GRB140810782|07 56 09.6|+27 33 00|  81.665|
|GRB170504734|19 31 02.4|+27 38 24|   0.704|
|GRB130609129|10 10 42.2|+24 06 04|   5.376|
|GRB130622615|20 50 57.6|+24 27 36|   0.960|
|GRB140501139|11 27 31.2|+24 38 24|   0.256|
|GRB130416690|06 37 07.2|+24 42 00|   3.072|
|GRB120102095|18 24 54.0|+24 42 49|  28.416|
|GRB160912521|22 50 02.4|+24 44 24|  84.481|
|GRB140523129|08 53 12.0|+24 57 00|  19.200|
|GRB110629174|04 37 28.8|+25 00 36|  61.694|
|GRB111117510|00 50 46.2|+23 00 39|   0.432|
|GRB141229911|11 20 24.0|+23 03 36|  91.392|
|GRB131018673|20 17 38.4|+23 06 36|  39.936|
|GRB110709463|10 21 31.2|+23 07 12|  24.061|
|GRB091221870|03 43 11.6|+23 14 25|  23.040|
|GRB091030613|16 36 00.0|+23 32 24|  19.200|
|GRB150715136|10 29 02.4|+23 34 12|   0.384|
|GRB120327418|11 21 38.4|+23 45 36|   0.256|
|GRB170412988|10 57 31.2|+22 01 48|  31.232|
|GRB090811696|18 28 12.0|+22 13 12|  14.848|
|GRB100513879|21 24 09.6|+22 15 00|  11.136|
|GRB140621827|01 40 19.9|+22 25 26|   6.400|
|GRB101107011|11 13 19.2|+22 25 48| 375.814|
|GRB120814201|01 44 45.6|+22 27 00|   0.896|
|GRB171120556|10 55 09.8|+22 27 30|  44.062|
|GRB150226223|04 14 00.0|+22 30 36|   1.408|
|GRB090712160|04 40 23.3|+22 31 30|  87.041|
|GRB130115716|11 24 21.6|+22 37 12|  13.568|
|GRB120519721|12 01 00.0|+20 33 00|   1.056|
|GRB100130777|05 14 16.8|+20 49 48|  86.018|
|GRB150705009|06 49 57.6|+20 51 36|  20.992|
|GRB160917456|13 25 26.4|+20 55 48|  14.592|
|GRB150922718|06 02 14.4|+21 00 36|  15.872|
|GRB170929699|01 52 02.4|+21 01 12|   8.960|
|GRB170826369|04 17 21.1|+21 04 26|   0.256|
|GRB150810485|18 52 48.0|+21 10 48|   1.280|
|GRB100318611|14 03 50.4|+21 11 24|  18.432|
|GRB170616165|03 18 02.4|+19 40 12|  56.320|
|GRB150201040|00 22 31.2|+19 45 00|   0.512|
|GRB141118678|10 32 28.8|+19 45 36|   4.352|
|GRB100527795|15 07 19.2|+19 46 48| 184.579|
|GRB100301223|13 27 24.0|+19 49 48|  26.625|
|GRB110428338|08 33 45.6|+19 56 24| 101.634|
|GRB150721431|16 46 24.0|+20 03 36|   0.320|
|GRB110728056|11 06 24.0|+20 06 36|   0.704|
|GRB170825500|00 14 33.6|+20 07 12|   7.168|
|GRB150412931|14 41 02.4|+20 07 48|   0.640|
|GRB151227218|19 11 33.6|+31 56 24|  43.008|
|GRB160323293|02 13 55.2|+31 57 00|  20.736|
|GRB140606133|21 52 30.0|+32 00 51|  22.784|
|GRB141220252|13 00 16.1|+32 08 01|   7.616|
|GRB161129300|21 04 55.0|+32 08 09|  36.096|
|GRB090227772|00 47 12.0|+32 12 00|   0.304|
|GRB090529310|15 24 48.0|+32 12 00|   3.072|
|GRB100212550|08 57 04.8|+32 13 12|   3.773|
|GRB081204517|10 03 12.0|+30 30 00|   0.192|
|GRB131217108|05 46 21.6|+30 36 00|   0.768|
|GRB080830368|10 40 24.0|+30 48 00|  40.897|
|GRB120109824|16 45 19.2|+30 48 00|  38.656|
|GRB151030999|19 50 31.2|+30 51 00| 116.482|
|GRB151126293|22 34 26.4|+30 52 48|   8.448|
|GRB170911267|04 48 24.0|+30 54 50|  19.968|
|GRB140801792|02 56 16.4|+30 56 17|   7.168|
|GRB151231568|10 00 19.2|+28 48 36|   0.832|
|GRB170101374|10 29 57.6|+28 54 00|   2.304|
|GRB171108656|07 19 48.5|+29 05 28|   0.032|
|GRB141105406|01 07 38.4|+29 10 12|   1.280|
|GRB170313125|23 58 28.8|+29 16 12|  41.984|
|GRB120427054|14 59 44.4|+29 18 40|   5.632|
|GRB170302166|10 17 00.0|+29 23 24|   3.840|
|GRB110301214|15 17 24.0|+29 24 00|   5.693|
|GRB080821332|15 54 24.0|+32 36 00|   5.888|
|GRB161111197|13 54 24.0|+32 36 00| 118.528|
|GRB150127935|20 02 43.2|+32 39 36|  84.224|
|GRB090528516|20 48 48.0|+32 42 00|  79.041|
|GRB120217904|19 54 55.2|+32 42 00|   2.624|
|GRB101225377|04 02 43.2|+32 46 12|  81.218|
|GRB081206275|08 00 24.0|+32 48 00|  24.576|
|GRB140516765|04 57 07.2|+32 51 00|  22.016|
|GRB140808038|14 44 53.3|+49 12 53|   4.477|
|GRB110213220|02 52 01.0|+49 17 28|  34.305|
|GRB110522296|12 17 50.4|+49 19 48|  27.136|
|GRB120819048|11 26 09.6|+49 25 12|  66.304|
|GRB130206482|17 56 24.0|+49 25 48|  11.264|
|GRB100212588|23 45 40.8|+49 29 24|   2.496|
|GRB140906175|16 33 26.4|+49 30 36|  37.633|
|GRB121124606|05 51 43.2|+49 33 00|   0.256|
|GRB100411516|14 02 26.4|+47 54 36|   0.512|
|GRB121122885|02 55 26.4|+48 10 12|   7.936|
|GRB101223834|16 42 12.0|+48 13 12|  56.065|
|GRB121220311|02 04 16.8|+48 16 48|   5.120|
|GRB131029973|13 23 08.4|+48 17 53| 104.449|
|GRB110710954|15 16 21.6|+48 24 00|  22.720|
|GRB131125689|07 38 42.0|+48 24 50|   3.008|
|GRB140928100|10 55 04.8|+48 28 12|   7.680|
|GRB141031257|01 46 52.8|+45 58 48|  38.656|
|GRB090108020|17 23 12.0|+46 00 00|   0.704|
|GRB101220576|16 06 16.8|+46 08 24|  72.449|
|GRB120703498|14 02 02.4|+46 15 36|  77.568|
|GRB160917479|19 42 40.3|+46 24 12|  19.712|
|GRB121122564|03 30 40.8|+46 28 12|   8.704|
|GRB170610689|04 35 38.4|+46 28 48|  19.200|
|GRB140907672|03 12 35.3|+46 35 42|  35.841|
|GRB100328141|10 23 45.6|+47 01 48|   0.384|
|GRB160119072|15 27 57.6|+47 10 12|  23.296|
|GRB090403314|04 28 24.0|+47 12 00|  14.848|
|GRB090529564|10 50 48.0|+47 18 00|   9.853|
|GRB101021063|00 01 50.4|+47 20 24|   1.536|
|GRB130705398|10 25 12.0|+47 24 36|   0.128|
|GRB160718975|06 37 48.0|+47 27 36|   8.448|
|GRB130518580|23 42 41.0|+47 28 41|  48.577|
|GRB100424876|00 31 09.6|+43 21 00| 169.987|
|GRB151118554|19 31 55.2|+43 24 00|  40.897|
|GRB160530667|08 53 55.2|+43 28 48|   9.024|
|GRB101010190|03 08 45.6|+43 33 36|  65.025|
|GRB160922856|23 12 26.4|+43 34 12|  20.736|
|GRB161228553|08 37 09.6|+43 40 12|  47.105|
|GRB160816414|01 41 16.8|+43 42 00|  11.776|
|GRB140416060|02 21 38.4|+43 54 36|  31.744|
|GRB161026373|04 30 48.0|+41 51 00|   0.112|
|GRB111010709|04 39 12.0|+41 52 48|  52.993|
|GRB130204484|07 02 33.6|+41 55 12|   0.192|
|GRB110107886|19 56 31.2|+42 02 24| 183.555|
|GRB150502435|16 05 50.4|+42 03 36| 109.314|
|GRB110903009|10 56 50.4|+42 04 48|  28.672|
|GRB160623209|21 00 57.6|+42 16 12| 107.776|
|GRB091109895|16 30 52.8|+42 18 36|  30.977|
|GRB080802386|10 17 12.0|+40 42 00|   0.576|
|GRB130219775|20 14 55.2|+40 49 48|  96.129|
|GRB100614498|14 59 02.4|+40 52 12| 172.291|
|GRB150917148|02 31 33.6|+40 53 24|   7.424|
|GRB110709642|15 55 36.0|+40 54 00|  43.201|
|GRB130118482|18 33 12.0|+40 58 48|  21.568|
|GRB100525744|16 47 16.8|+41 02 24|   1.472|
|GRB170717952|22 30 45.6|+41 06 36|  11.776|
|GRB140224788|01 34 57.6|+39 28 48|  17.152|
|GRB090428441|14 00 24.0|+39 30 00|   3.968|
|GRB100923844|07 04 28.8|+39 36 00|  51.713|
|GRB150819440|03 57 32.6|+39 42 04|   0.960|
|GRB161121186|08 41 33.6|+39 43 48|   0.128|
|GRB170723882|14 10 19.2|+39 49 48|   5.376|
|GRB081122520|22 36 24.0|+40 00 00|  23.296|
|GRB120105584|13 34 45.6|+40 04 12|  22.528|
|GRB110705151|10 24 05.8|+40 05 56|   0.192|
|GRB140124527|04 16 43.2|+38 28 48| 121.538|
|GRB121125469|11 50 07.2|+38 32 24|  12.864|
|GRB081105614|14 23 12.0|+38 42 00|   1.280|
|GRB160102936|09 33 45.6|+38 45 00|  10.496|
|GRB110920338|05 50 16.8|+38 45 36|   9.728|
|GRB140626843|08 03 14.4|+38 46 48|   1.792|
|GRB140521184|20 34 55.2|+38 51 36|  46.592|
|GRB171017823|12 21 21.6|+38 54 00|  86.272|
|GRB090726218|16 01 48.0|+36 45 00|   7.680|
|GRB120702891|15 11 12.0|+36 45 36|  35.073|
|GRB120217808|08 09 45.6|+36 46 12|   5.888|
|GRB101008697|21 55 30.0|+37 04 02|   8.960|
|GRB160816730|21 29 38.6|+37 07 57|  11.072|
|GRB091112928|13 53 38.4|+37 10 12|  21.184|
|GRB100621452|06 55 19.2|+37 21 00| 123.906|
|GRB160818230|10 54 24.0|+37 24 00|   2.176|
|GRB150325696|08 52 33.6|+37 45 00|   0.080|
|GRB151205657|15 17 07.7|+35 46 08|  56.320|
|GRB110226989|13 17 09.6|+35 46 12|  14.080|
|GRB140827763|08 42 36.0|+35 48 00|  20.992|
|GRB110904124|23 58 45.6|+35 54 00|  83.905|
|GRB140610487|13 16 12.0|+35 54 36|   0.960|
|GRB130623790|07 09 43.2|+36 02 24|  42.241|
|GRB141005217|19 24 22.3|+36 05 43|   3.392|
|GRB160508290|01 54 48.0|+36 16 48|  10.496|
|GRB120520949|03 03 26.4|+35 16 48|   5.760|
|GRB081003644|17 16 24.0|+35 24 00|  50.177|
|GRB090610648|05 36 48.0|+35 25 12|   6.144|
|GRB120120432|08 58 52.8|+35 28 12|  32.256|
|GRB100216422|10 17 12.0|+35 30 00|   0.192|
|GRB130623130|12 58 26.4|+35 30 36|  29.440|
|GRB160407673|15 07 04.8|+35 31 48|   7.104|
|GRB170928607|20 16 21.6|+35 44 24|   9.216|
|GRB150928359|05 35 07.2|+34 14 24|  53.504|
|GRB110311812|07 50 21.6|+34 17 24|   6.400|
|GRB110928180|10 13 36.0|+34 17 24| 148.226|
|GRB111231622|10 22 02.4|+34 18 36|   8.256|
|GRB140519043|18 33 52.8|+34 24 36|  47.616|
|GRB101224614|19 20 38.4|+34 27 36|  25.601|
|GRB160721806|02 32 36.0|+34 31 12|   9.984|
|GRB110813237|04 04 57.6|+34 33 36|  22.784|
|GRB170511249|20 02 31.9|+33 18 54|  40.705|
|GRB100929315|16 14 28.8|+33 19 48|   4.608|
|GRB130808253|10 50 52.8|+33 22 48|   0.256|
|GRB131122490|17 26 40.8|+33 22 48|  23.040|
|GRB090113778|02 08 24.0|+33 24 00|  17.408|
|GRB090328713|10 22 48.0|+33 24 00|   0.192|
|GRB141030746|10 45 28.8|+33 24 00|   8.960|
|GRB160223416|06 19 58.5|+33 24 27|  17.920|
|GRB100929235|11 05 19.2|+62 17 24|   8.192|
|GRB170808065|00 13 19.2|+62 17 24|   4.352|
|GRB120811649|13 18 50.2|+62 17 28|  14.336|
|GRB160821937|18 39 56.9|+62 23 35|   1.088|
|GRB141026742|08 51 16.8|+62 28 48|   2.560|
|GRB140204547|11 04 26.4|+62 31 48|  71.168|
|GRB170723677|01 28 16.8|+62 40 48|  20.992|
|GRB110722710|00 33 07.2|+62 44 24|  14.336|
|GRB080809808|06 06 48.0|+61 24 00|  28.160|
|GRB090912660|12 32 09.6|+61 28 48| 147.651|
|GRB170111760|07 50 26.4|+61 31 12|   0.832|
|GRB161109263|10 31 26.4|+61 48 00|  23.552|
|GRB090621185|00 44 04.8|+61 56 28| 106.754|
|GRB130325005|02 01 45.6|+62 03 36|   0.640|
|GRB121019233|02 53 52.8|+62 08 24|  14.336|
|GRB100811781|07 12 33.6|+62 11 24|  78.080|
|GRB101119685|15 05 57.6|+59 36 36|   0.640|
|GRB140713780|18 44 27.4|+59 37 30|   5.376|
|GRB130224370|13 43 36.0|+59 43 12|  70.913|
|GRB160118060|01 10 52.8|+59 46 48|  46.849|
|GRB090824918|03 06 36.0|+59 48 36|  59.905|
|GRB121113544|20 52 40.8|+59 49 12|  95.490|
|GRB141202470|09 40 02.4|+59 52 12|   1.344|
|GRB141126233|16 15 28.8|+59 59 24|   0.896|
|GRB150522944|08 43 26.4|+58 34 48|   1.024|
|GRB100506653|06 48 33.6|+58 35 24|  21.376|
|GRB140824606|01 13 19.2|+58 38 24| 108.802|
|GRB140108721|21 40 27.1|+58 44 41|  91.393|
|GRB120715066|18 08 36.0|+58 47 24|  29.696|
|GRB090814368|22 09 55.2|+58 55 12|   0.192|
|GRB110903111|13 08 14.6|+58 59 07| 341.254|
|GRB100911816|10 05 16.8|+58 59 24|   5.632|
|GRB160303201|10 53 57.6|+56 56 24|  48.129|
|GRB140705539|10 55 26.4|+56 58 12|  26.880|
|GRB090306245|09 08 00.0|+57 00 00|  27.904|
|GRB140716306|14 20 55.2|+57 00 36|   3.328|
|GRB120114681|21 11 37.0|+57 02 09|  43.264|
|GRB170921168|08 49 30.0|+57 03 25|  39.361|
|GRB100519204|12 45 57.6|+57 24 36|  62.913|
|GRB150206407|14 42 21.6|+57 30 00|   5.120|
|GRB110522256|15 15 38.4|+55 31 48|  28.160|
|GRB100906576|01 54 44.2|+55 37 50| 110.594|
|GRB101204343|12 47 38.4|+55 40 12|   0.128|
|GRB170207906|21 02 49.0|+55 41 24|  38.913|
|GRB140829880|17 02 21.6|+55 55 48|  77.568|
|GRB100722291|02 07 14.4|+56 13 48|   1.280|
|GRB170428136|00 19 02.4|+56 13 48|  30.464|
|GRB081113230|11 21 12.0|+56 18 00|   0.576|
|GRB090902401|19 23 55.2|+53 06 36|   3.200|
|GRB150316400|01 03 33.6|+53 08 24|   1.984|
|GRB160512536|13 50 12.0|+53 15 36| 124.928|
|GRB160211119|08 12 48.0|+53 25 48|   0.960|
|GRB090815438|01 25 40.8|+53 26 24|  56.321|
|GRB131126163|14 21 43.2|+53 31 48|   0.128|
|GRB130304410|06 35 43.2|+53 34 12|  67.841|
|GRB140608713|14 07 50.4|+53 49 12|   6.400|
|GRB100714672|07 05 28.8|+51 08 24|  35.584|
|GRB140709051|20 18 33.4|+51 13 23|  69.633|
|GRB090511684|10 47 36.0|+51 18 00|   7.616|
|GRB170306588|10 18 28.8|+51 35 24|  18.944|
|GRB090109332|08 38 24.0|+51 48 00|   1.728|
|GRB170506169|07 29 02.4|+51 52 12|   0.832|
|GRB161217128|14 26 31.2|+51 58 48|   3.584|
|GRB130305486|07 47 03.6|+52 01 30|  25.600|
|GRB130112286|15 44 07.2|+52 11 24|  35.328|
|GRB170724543|11 28 04.8|+49 33 36|  19.200|
|GRB130815420|10 58 50.4|+49 34 12| 236.292|
|GRB140620219|18 47 28.8|+49 43 48|  45.825|
|GRB090320801|12 13 36.0|+49 48 00|  29.184|
|GRB170831179|10 34 50.4|+49 48 00|  57.345|
|GRB140423356|13 09 09.4|+49 50 32|  95.233|
|GRB120729456|00 52 17.8|+49 56 23|  25.472|
|GRB150330828|21 57 02.4|+49 58 12| 153.859|
|GRB170511648|10 40 09.6|+77 10 12|   1.280|
|GRB141124277|09 00 16.8|+78 10 48|   0.512|
|GRB090618353|19 35 57.6|+78 21 27| 112.386|
|GRB150828901|06 16 57.6|+78 38 24|   2.048|
|GRB120530121|11 43 50.4|+78 49 48|  77.054|
|GRB140404030|00 59 33.6|+78 53 24|  84.992|
|GRB160521385|09 52 40.8|+79 00 36|   2.816|
|GRB141109447|13 37 09.6|+79 01 48|  32.000|
|GRB100724029|07 58 23.8|+75 51 22| 114.690|
|GRB170414551|02 54 00.0|+75 53 24|  45.824|
|GRB160509374|20 40 24.0|+76 00 00| 369.670|
|GRB091223191|13 32 55.2|+76 21 00|   0.576|
|GRB140217043|23 57 33.6|+76 45 00|  27.136|
|GRB100725475|19 20 07.9|+76 57 23| 146.434|
|GRB160629930|00 19 27.4|+76 58 01|  64.769|
|GRB091230712|03 26 36.0|+77 10 12|  35.137|
|GRB160924253|06 28 28.8|+71 19 12|  74.496|
|GRB091115177|20 31 02.4|+71 27 36|  37.376|
|GRB150919606|04 20 24.0|+71 42 00|   6.656|
|GRB100827455|12 55 36.0|+71 53 24|   0.576|
|GRB091219462|19 37 57.6|+71 54 36|   8.128|
|GRB170514152|09 30 57.6|+71 55 48|  12.032|
|GRB131028076|03 47 48.0|+72 11 24|  17.152|
|GRB090910812|19 44 55.2|+72 16 48|  53.441|
|GRB150607330|09 19 58.1|+68 26 12|  26.173|
|GRB150320462|09 19 55.2|+68 55 48|   0.064|
|GRB160317385|06 22 48.0|+68 59 24|  43.776|
|GRB090621922|20 53 43.7|+69 00 47|   0.384|
|GRB111222619|11 56 46.3|+69 02 10|   0.288|
|GRB120326056|18 15 37.2|+69 15 36|  11.776|
|GRB160201883|20 50 40.8|+69 19 12|  40.510|
|GRB150428305|16 09 19.2|+69 30 36|  32.512|
|GRB161106499|13 28 12.0|+64 52 48|  10.752|
|GRB140110814|02 07 26.4|+65 09 36|  81.152|
|GRB150828333|12 55 14.4|+65 46 48|  12.800|
|GRB151227072|13 42 00.0|+65 52 12|   3.389|
|GRB110221244|01 00 43.2|+66 03 00|  13.056|
|GRB151212030|20 15 14.4|+66 03 36|  22.272|
|GRB111018595|07 04 19.2|+66 08 24|   8.192|
|GRB130408653|07 55 04.8|+66 20 24|   9.216|
|GRB090524346|21 58 00.0|-67 24 00|  54.337|
|GRB150404733|11 03 38.4|-67 22 12|   4.864|
|GRB100719311|20 19 28.8|-67 08 24|   1.600|
|GRB090819607|03 16 19.2|-67 07 12|   0.192|
|GRB110911071|17 14 19.2|-66 58 48|   8.960|
|GRB131118958|23 19 27.1|-66 49 59|  85.249|
|GRB170323775|23 15 19.2|-66 48 36|  35.328|
|GRB111107035|08 37 54.7|-66 31 12|  12.032|
|GRB080905570|06 27 36.0|-69 48 00|  26.624|
|GRB131204937|20 38 40.8|-69 40 12|  29.952|
|GRB130327350|14 32 21.6|-69 30 36|  31.233|
|GRB090725838|18 47 31.2|-69 29 24|  13.760|
|GRB140322424|16 41 12.0|-69 27 00|  10.496|
|GRB150902733|14 19 42.2|-69 21 40|  13.568|
|GRB170625692|07 06 48.0|-69 21 00|  22.784|
|GRB140110411|03 22 33.6|-69 17 24|   0.768|
|GRB130218261|04 37 14.4|-69 07 48|  37.121|
|GRB140213807|07 00 52.3|-73 08 10|  18.624|
|GRB090922605|02 33 26.4|-73 04 48|  52.736|
|GRB090513941|06 36 24.0|-72 54 00|  11.776|
|GRB130425327|01 11 07.2|-72 51 00|  62.209|
|GRB160325291|01 02 36.5|-72 41 48|  42.945|
|GRB091102607|04 50 27.9|-72 31 11|   6.656|
|GRB100926595|14 51 00.0|-72 21 00|  32.256|
|GRB090120627|02 32 24.0|-72 12 00|   1.856|
|GRB141022087|07 57 33.6|-75 10 12|   9.216|
|GRB100112418|16 00 33.6|-75 06 00|  23.040|
|GRB121116459|12 03 31.2|-74 47 24|   0.832|
|GRB110212550|20 45 19.2|-74 30 00|   0.064|
|GRB161012637|10 41 43.2|-74 16 48|   6.400|
|GRB141221897|08 24 04.8|-74 12 36|  32.513|
|GRB150602840|19 19 28.8|-74 12 36|  10.496|
|GRB080714425|12 30 00.0|-74 00 00|  40.192|
|GRB170912273|14 21 50.2|-61 59 48|  13.568|
|GRB141013803|21 00 14.4|-61 53 24|  82.432|
|GRB170727841|14 35 24.0|-61 50 24|  19.200|
|GRB170112970|13 51 02.4|-61 46 12|   7.360|
|GRB150228981|00 30 12.0|-61 43 48|  36.609|
|GRB150206285|23 51 45.6|-61 36 36|  23.296|
|GRB151231443|04 22 31.2|-61 32 24|  71.425|
|GRB171025913|22 32 57.6|-61 31 12|   7.936|
|GRB131030653|04 05 48.0|-62 48 00|  53.248|
|GRB150403913|20 46 00.5|-62 42 42|  22.272|
|GRB140422194|10 58 09.6|-62 37 12| 361.472|
|GRB080905705|20 06 48.0|-62 36 00| 105.984|
|GRB081204004|04 13 12.0|-62 36 00|   7.424|
|GRB141016897|14 45 48.0|-62 29 24|  17.405|
|GRB090717034|06 09 38.4|-62 28 48|  65.537|
|GRB121217313|10 14 50.4|-62 21 02| 828.672|
|GRB150826557|21 11 52.8|-64 56 24|  33.024|
|GRB120921877|06 25 40.8|-64 46 12|   5.632|
|GRB170126480|17 34 31.9|-64 45 38|  13.824|
|GRB090711850|09 18 26.4|-64 44 24|  51.969|
|GRB091017985|14 17 36.0|-64 44 24|  44.800|
|GRB081225257|15 36 24.0|-64 36 00|  41.217|
|GRB101213849|17 23 57.6|-64 30 36|   6.656|
|GRB150805445|06 23 02.4|-64 19 48|  45.825|
|GRB100819498|18 38 24.0|-50 02 24|  12.544|
|GRB150923864|04 28 55.2|-50 00 36|   1.792|
|GRB141012773|19 07 16.8|-49 52 48|  37.633|
|GRB121205507|15 54 21.6|-49 42 36|   2.816|
|GRB101013412|19 28 19.2|-49 38 24|  15.360|
|GRB090309767|11 37 12.0|-49 30 00|  56.513|
|GRB091015129|21 04 21.6|-49 30 00|   3.840|
|GRB130121835|14 05 14.4|-49 29 24| 178.691|
|GRB121127914|11 45 45.1|-52 24 50|   0.640|
|GRB160316139|23 41 19.2|-52 22 48|  17.152|
|GRB170209048|07 23 07.0|-52 14 47|  39.677|
|GRB090920035|19 58 55.2|-52 11 24|  26.624|
|GRB120420249|03 11 33.6|-52 11 24|  25.600|
|GRB090412061|00 05 12.0|-51 54 00|   0.896|
|GRB080831053|14 04 48.0|-51 42 00|   0.576|
|GRB100620119|05 20 24.0|-51 40 48|  51.841|
|GRB120117291|22 36 02.4|-54 15 00|   3.328|
|GRB171029020|13 12 57.6|-54 15 00|  19.712|
|GRB110227009|09 54 52.8|-54 02 24|   1.728|
|GRB140605377|08 07 09.6|-53 51 36|   0.512|
|GRB150601904|05 18 40.8|-53 49 12|   0.768|
|GRB150913161|16 04 12.0|-53 47 24|  20.992|
|GRB170317666|20 32 31.2|-53 45 00| 212.995|
|GRB110930564|12 29 14.4|-53 39 36|  37.889|
|GRB150422294|10 24 04.8|-53 33 36|  30.208|
|GRB101224578|19 16 33.6|-55 15 00|  44.737|
|GRB120510900|12 27 43.2|-55 14 24|  62.465|
|GRB130228212|16 03 00.0|-55 12 36|  15.421|
|GRB080928628|06 20 24.0|-55 12 00|  14.336|
|GRB090213236|22 02 24.0|-55 00 00|  20.224|
|GRB081129161|04 12 48.0|-54 54 00|  62.657|
|GRB120331055|01 45 28.8|-54 50 24|  16.384|
|GRB090720710|13 32 00.0|-54 48 00|  10.752|
|GRB161001045|04 47 40.4|-57 15 41|   2.240|
|GRB130127299|20 04 50.4|-57 12 36|  19.456|
|GRB110319815|21 42 16.8|-57 06 36|  31.232|
|GRB110801335|16 33 04.8|-57 03 36|   0.384|
|GRB170416583|18 56 52.8|-57 01 12|  61.952|
|GRB080916406|22 25 12.0|-57 00 00|  46.337|
|GRB150702998|03 31 07.2|-57 00 00|  45.825|
|GRB131028096|22 13 36.0|-56 56 24|  14.336|
|GRB150306993|00 02 31.2|-58 33 00|  18.944|
|GRB120210650|03 38 36.0|-58 31 12|   1.344|
|GRB110207959|11 56 00.0|-58 25 48|   7.680|
|GRB111015427|14 42 36.0|-58 24 36|  92.737|
|GRB161020767|02 10 14.4|-58 13 48|  22.078|
|GRB160422499|02 45 02.4|-58 13 12|  12.288|
|GRB090117640|10 56 00.0|-58 12 00|  15.552|
|GRB130206817|09 21 30.0|-58 09 36|  91.585|
|GRB100916779|10 07 50.4|-59 22 48|  12.800|
|GRB141031304|08 34 25.9|-59 10 06|  19.456|
|GRB140528837|18 42 55.4|-59 04 48|  13.568|
|GRB101208498|18 43 45.6|-59 01 12|   2.048|
|GRB130816074|13 08 33.6|-58 56 43|  36.864|
|GRB170627931|02 26 04.8|-58 42 00|  17.152|
|GRB140929677|11 49 48.0|-58 38 24|  37.120|
|GRB140710901|13 38 35.0|-58 35 29|  11.520|
|GRB161110179|16 59 38.4|-60 37 12|   1.792|
|GRB160424492|21 17 56.4|-60 36 53|   6.592|
|GRB081121858|05 57 12.0|-60 36 00|  41.985|
|GRB120511638|15 07 43.2|-60 29 24|  45.249|
|GRB130730243|08 55 00.0|-60 21 36|  27.904|
|GRB130304658|11 55 28.8|-60 17 24|  23.296|
|GRB080714745|12 32 24.0|-60 12 00|  59.649|
|GRB080723557|11 47 12.0|-60 12 00|  58.369|
|GRB140619490|20 19 50.4|-39 10 48|   0.448|
|GRB170607946|16 26 38.6|-39 09 32|  18.176|
|GRB101205309|21 28 24.0|-39 06 00|   7.936|
|GRB100625773|01 03 10.8|-39 05 18|   0.240|
|GRB090926914|03 05 16.3|-39 00 40|  55.553|
|GRB170323058|09 40 45.6|-39 00 00|  29.440|
|GRB090316311|17 04 24.0|-38 54 00|  10.240|
|GRB140710537|00 11 12.0|-38 52 48|   0.384|
|GRB090907017|05 45 19.2|-38 51 00|  39.489|
|GRB130403866|13 19 36.0|-46 40 48|  22.784|
|GRB120203812|22 37 12.0|-46 35 24|  10.240|
|GRB170629537|08 40 03.8|-46 35 13|  28.160|
|GRB090630311|09 46 12.0|-46 34 48|   2.880|
|GRB090320418|15 52 00.0|-46 30 00|   7.936|
|GRB150908408|10 28 31.2|-46 25 48|  60.928|
|GRB170308221|14 25 24.0|-46 19 48|  11.520|
|GRB170803415|23 30 45.6|-46 19 48|  66.816|
|GRB150313657|15 51 26.4|-47 51 00|   5.120|
|GRB080815917|16 03 36.0|-47 48 00|   0.832|
|GRB150830128|13 49 00.0|-47 46 48|  44.801|
|GRB121027038|00 17 14.4|-47 32 24| 166.915|
|GRB130722021|07 59 26.4|-47 27 00|  81.408|
|GRB081226509|01 42 00.0|-47 24 00|   0.192|
|GRB150630958|23 52 38.4|-47 23 24|  39.169|
|GRB120801920|16 22 55.2|-47 22 12| 479.239|
|GRB160416022|11 46 28.8|-49 28 48|  26.621|
|GRB101227536|10 03 28.8|-49 26 24|  28.864|
|GRB150721732|18 51 31.2|-49 24 36|  11.520|
|GRB110322558|06 36 09.6|-48 54 00|  36.097|
|GRB140115899|06 19 26.4|-48 51 36|  10.496|
|GRB100424729|16 26 52.8|-48 51 00| 175.107|
|GRB120314412|01 11 33.6|-48 43 48|   1.280|
|GRB170825784|07 45 16.8|-48 43 12|  65.024|
|GRB150301045|16 17 08.6|-48 41 49|   0.416|
|GRB150522433|19 17 16.8|-39 40 12|  43.776|
|GRB110118857|15 06 16.8|-39 33 00|  34.561|
|GRB110625579|21 01 19.2|-39 26 24|  35.584|
|GRB150708339|20 34 14.4|-39 21 36|  95.234|
|GRB120121101|15 42 40.8|-39 20 24|  18.432|
|GRB170510217|10 39 38.6|-39 19 41| 127.746|
|GRB170802638|03 29 12.0|-39 12 36|   2.240|
|GRB150523690|13 29 04.8|-39 12 00| 114.690|
|GRB100907751|11 49 09.6|-40 37 48|   5.376|
|GRB131211510|18 05 21.6|-40 36 36|  44.800|
|GRB160411062|23 17 25.7|-40 14 32|   0.672|
|GRB130509078|16 03 24.0|-40 13 12|  24.320|
|GRB141230871|16 27 43.2|-40 10 48|   0.224|
|GRB130609902|03 35 04.8|-40 10 34| 191.491|
|GRB161213295|15 54 26.4|-40 04 12|  23.296|
|GRB161004964|07 28 37.7|-39 53 42|  14.080|
|GRB090328401|06 03 36.0|-42 00 00|  61.697|
|GRB150228845|15 25 16.8|-41 52 12|   4.125|
|GRB110709862|10 24 50.4|-41 47 24|   5.376|
|GRB170801690|22 52 43.2|-41 45 00|  10.240|
|GRB150219522|18 05 03.8|-41 35 06|  36.097|
|GRB131113483|10 31 57.6|-41 31 12|  60.545|
|GRB090117335|15 09 12.0|-41 30 00|  27.264|
|GRB090327404|02 12 24.0|-41 30 00|  14.080|
|GRB170726249|11 05 40.8|-34 00 00|   1.792|
|GRB120119354|04 23 50.4|-33 55 12|  16.384|
|GRB081213173|00 51 36.0|-33 54 00|   0.256|
|GRB130614997|21 36 43.2|-33 53 24|   9.280|
|GRB080808451|07 09 36.0|-33 48 00|   4.352|
|GRB130819394|08 18 52.8|-33 45 36|  82.689|
|GRB120506128|11 28 52.8|-33 43 12|   2.304|
|GRB091101143|01 59 12.0|-33 40 48|  10.688|
|GRB141121414|15 43 33.6|-35 36 00|   3.840|
|GRB150527662|00 43 12.0|-35 36 00|  63.233|
|GRB111025078|21 42 28.8|-35 31 12|  51.712|
|GRB131216081|06 06 21.6|-35 30 00|  19.262|
|GRB150711766|14 46 30.5|-35 27 22|  82.177|
|GRB170923101|08 00 28.8|-35 19 48|  46.080|
|GRB101128322|09 41 52.8|-35 12 00|   8.192|
|GRB170718152|06 49 04.8|-35 00 00|  40.192|
|GRB100805845|07 30 52.8|-35 55 48|  58.430|
|GRB081231140|13 54 24.0|-35 48 00|  28.736|
|GRB090528173|08 59 36.0|-35 48 00|  35.905|
|GRB120908873|17 54 40.8|-35 47 24|  46.849|
|GRB141128962|21 27 12.0|-35 45 36|   0.272|
|GRB150118409|16 00 57.6|-35 45 00|  40.193|
|GRB100504806|17 02 19.2|-35 36 00|  16.512|
|GRB100510810|23 43 12.0|-35 36 00|  31.169|
|GRB101206036|10 56 19.2|-38 06 36|  34.813|
|GRB120919052|19 52 00.0|-38 04 12| 118.018|
|GRB140706815|03 17 10.8|-38 03 03|  43.776|
|GRB120612687|02 38 40.8|-37 54 36|   0.256|
|GRB170614505|20 43 57.6|-37 54 36|   5.376|
|GRB150603105|04 59 04.8|-37 52 12|  67.328|
|GRB110702187|00 22 28.8|-37 39 36|  34.369|
|GRB150201574|00 47 19.8|-37 37 09|  15.616|
|GRB170130302|18 04 12.0|-29 06 36|  50.177|
|GRB101101899|17 44 09.6|-29 00 00|  31.232|
|GRB100517072|06 43 43.2|-28 59 24|  55.808|
|GRB160401065|19 20 45.6|-28 54 00|  20.992|
|GRB110904163|12 41 36.0|-28 51 00|  51.457|
|GRB120830297|05 54 00.4|-28 42 05|   0.896|
|GRB140701567|23 25 48.0|-28 39 36|  25.088|
|GRB110731465|18 42 01.0|-28 32 14|   7.485|
|GRB140329295|09 42 47.5|-32 13 44|  21.504|
|GRB141105358|13 30 24.0|-32 00 00|  19.200|
|GRB130112353|13 05 09.6|-31 56 24|   2.048|
|GRB081206604|23 33 12.0|-31 54 00|   7.936|
|GRB120711446|08 31 31.2|-31 49 48|  87.552|
|GRB170826819|21 50 48.0|-31 48 00|  11.008|
|GRB111010660|12 14 09.6|-31 42 00|   8.704|
|GRB120811014|02 54 37.9|-31 40 30|   0.448|
|GRB090101758|05 11 12.0|-31 36 00| 108.802|
|GRB160512199|16 02 43.2|-33 05 24|  82.433|
|GRB160519060|09 12 28.8|-33 01 48|  17.664|
|GRB171117515|13 07 14.4|-33 00 00| 105.922|
|GRB090108322|00 01 36.0|-32 54 00|   0.192|
|GRB090129880|17 56 00.0|-32 48 00|  16.640|
|GRB160111115|20 40 57.6|-32 46 48|  26.880|
|GRB170429799|17 18 50.4|-32 46 12| 220.163|
|GRB140901821|01 03 16.8|-32 45 36|   0.176|
|GRB160123095|20 56 52.8|-22 10 48|  37.632|
|GRB111203609|16 11 19.2|-22 09 00|  22.016|
|GRB130606497|14 34 17.8|-22 07 52|  52.225|
|GRB111230819|16 10 26.4|-22 07 12|  12.736|
|GRB160315739|21 19 38.4|-22 06 36|   3.328|
|GRB110410772|22 28 40.8|-21 57 36|   8.064|
|GRB160219289|00 05 24.6|-21 57 26|   3.520|
|GRB170705200|23 58 02.4|-21 56 24|  27.648|
|GRB161228405|23 53 40.8|-24 36 00|  49.152|
|GRB081221681|01 03 12.0|-24 30 00|  29.697|
|GRB101227406|16 02 00.0|-24 30 00| 153.347|
|GRB090514726|20 17 16.0|-24 24 00|   2.240|
|GRB090228204|07 07 12.0|-24 18 00|   0.448|
|GRB110909116|23 09 21.6|-24 13 12|  20.736|
|GRB100704149|08 54 32.6|-24 12 58| 214.404|
|GRB120504945|13 21 07.2|-24 12 00|   5.760|
|GRB100929916|12 12 07.2|-24 56 24|   0.320|
|GRB140511995|01 45 00.0|-24 54 36|  59.136|
|GRB130604033|19 28 43.2|-24 51 36|  26.880|
|GRB170901345|09 01 43.2|-24 46 48|  29.696|
|GRB100130729|01 24 45.6|-24 45 00|  99.074|
|GRB120412055|01 57 45.6|-24 40 12|   9.728|
|GRB151202565|21 45 57.6|-24 40 12|   0.704|
|GRB140711691|11 04 02.4|-24 36 00|  80.896|
|GRB120920003|01 48 28.8|-26 07 12|  28.160|
|GRB131008858|21 52 00.0|-25 58 48|  36.349|
|GRB140905454|22 42 00.0|-25 56 24| 110.082|
|GRB140628626|15 04 07.2|-25 49 48|  12.544|
|GRB120908938|15 22 33.6|-25 47 24|  66.945|
|GRB171004672|05 28 48.0|-25 44 24|  48.125|
|GRB100421917|23 22 43.2|-25 39 36|  47.489|
|GRB081021398|12 41 12.0|-25 36 00|  26.112|
|GRB140304849|23 36 43.2|-27 01 48| 232.708|
|GRB100619015|05 38 28.3|-27 00 43|  96.002|
|GRB100101028|20 29 16.8|-27 00 00|   2.816|
|GRB140907429|10 55 16.8|-27 00 00|  27.392|
|GRB110509475|04 58 36.0|-26 58 48|   0.640|
|GRB140405033|07 56 24.0|-26 53 24|  39.936|
|GRB101117496|03 48 45.6|-26 52 12|  50.177|
|GRB110522633|12 02 16.8|-26 48 36|  58.112|
|GRB121029350|15 07 04.8|-28 12 00|  15.808|
|GRB100326294|08 44 57.6|-28 10 48|   5.632|
|GRB131102622|04 56 24.0|-28 00 36|  62.976|
|GRB081101532|13 50 00.0|-28 00 00|   8.256|
|GRB150430015|21 45 55.2|-27 54 08| 111.618|
|GRB130406334|07 18 38.4|-27 51 36|  88.832|
|GRB100311518|20 13 38.4|-27 46 12|   9.024|
|GRB110921912|01 11 52.8|-27 45 00|  17.664|
|GRB120703726|22 37 25.4|-29 43 28|   8.960|
|GRB170910368|13 10 36.0|-29 42 36|  27.392|
|GRB161117066|21 28 12.0|-29 36 36| 122.178|
|GRB100306199|14 24 09.6|-29 22 12|   7.168|
|GRB110703557|10 21 33.6|-29 18 00|   6.720|
|GRB140901262|07 28 44.2|-29 12 32|  65.025|
|GRB091123298|19 48 26.4|-29 10 48| 604.491|
|GRB161220605|09 12 00.0|-29 09 36|  41.729|
|GRB080723913|07 33 12.0|-19 42 00|   0.192|
|GRB090520850|07 24 48.0|-19 42 00|   3.776|
|GRB161218222|07 00 38.4|-19 40 12|   0.320|
|GRB150326542|22 04 31.2|-19 39 00|   4.096|
|GRB171030729|04 56 21.6|-19 33 00|   0.096|
|GRB140513724|16 33 26.4|-19 30 00|  17.152|
|GRB100615083|11 48 49.0|-19 28 55|  37.377|
|GRB170723076|09 03 45.6|-19 26 24|  20.224|
|GRB120922939|15 38 59.5|-20 10 56| 182.275|
|GRB150528656|23 23 48.0|-20 05 24|  13.056|
|GRB150324319|19 40 50.4|-20 02 24|  13.056|
|GRB120712571|11 18 21.6|-20 01 59|  22.528|
|GRB141122087|00 38 50.4|-20 01 12|   1.280|
|GRB111114233|17 52 19.2|-20 00 36|  22.016|
|GRB151122709|19 58 49.0|-19 53 56|  51.200|
|GRB160605847|07 23 55.2|-19 49 48|   5.504|
|GRB100727238|10 16 39.8|-21 21 50|  23.808|
|GRB150630223|07 47 14.4|-21 18 36|  22.784|
|GRB100107074|00 25 14.4|-21 14 24|   0.576|
|GRB130707505|03 37 48.0|-21 02 24|  76.545|
|GRB171022085|16 57 50.4|-21 02 24|  37.633|
|GRB150912443|16 33 46.3|-21 02 02|  33.537|
|GRB101216721|18 57 04.8|-20 58 12|   1.917|
|GRB100204858|06 05 09.6|-20 56 24|   1.920|
|GRB131123543|03 32 57.6|-20 52 48|   3.136|
|GRB140627401|04 25 57.6|-16 45 36|   7.424|
|GRB090518244|14 04 48.0|-16 42 00|   6.784|
|GRB160720275|22 00 36.0|-16 41 24|  14.336|
|GRB170715878|19 08 52.8|-16 36 36|  12.800|
|GRB150809516|23 24 07.2|-16 35 24|  47.361|
|GRB110526715|06 49 55.2|-16 25 12|   0.448|
|GRB101030664|11 05 33.6|-16 23 20|  95.746|
|GRB170803729|11 39 44.4|-16 18 43|   3.584|
|GRB100224112|17 58 14.4|-17 04 48|  67.329|
|GRB130127743|16 44 12.0|-17 04 12|   0.144|
|GRB130811186|12 51 33.6|-17 02 24|  44.801|
|GRB120410585|10 38 31.2|-17 00 00|   1.088|
|GRB161218356|23 54 33.6|-16 57 00|  25.857|
|GRB150911588|02 12 26.4|-16 56 24|  46.081|
|GRB121119579|20 46 36.0|-16 55 12|   2.304|
|GRB130723092|14 31 04.8|-16 51 36|   8.192|
|GRB150727793|13 35 57.6|-18 21 36|  49.409|
|GRB130416770|03 24 50.4|-18 15 00|   0.192|
|GRB120212383|02 52 25.2|-18 01 30|   9.216|
|GRB090520876|08 45 12.0|-18 00 00|  30.657|
|GRB100814160|01 29 53.3|-17 59 47| 150.530|
|GRB140118064|22 04 00.7|-17 56 53|  90.112|
|GRB111207512|10 59 31.2|-17 56 24|   0.768|
|GRB121231445|22 21 52.8|-17 46 48|  32.768|
|GRB130514560|09 50 24.0|-18 58 12|  17.408|
|GRB091127976|02 26 19.9|-18 57 09|   8.701|
|GRB140717827|11 13 55.2|-18 56 24|  80.640|
|GRB080905499|19 10 48.0|-18 54 00|   0.960|
|GRB081125496|02 50 48.0|-18 54 00|   9.280|
|GRB130325203|08 11 07.2|-18 54 00|   6.912|
|GRB151130160|09 05 04.8|-18 49 12|  20.224|
|GRB121123442|02 02 04.8|-18 47 24|  42.497|
|GRB130503214|14 18 52.8|-11 33 00|   0.880|
|GRB130509839|08 55 26.4|-11 30 36|  31.488|
|GRB151129333|04 03 16.8|-11 29 24|  52.224|
|GRB110803783|20 01 40.8|-11 26 24| 186.883|
|GRB130420343|08 10 43.2|-11 25 48|  38.913|
|GRB101127102|04 43 48.0|-11 19 12|  60.672|
|GRB090804940|08 41 36.0|-11 18 00|   5.568|
|GRB170419983|17 39 28.8|-11 13 48|  12.541|
|GRB100322045|01 25 16.8|-12 26 24|  37.121|
|GRB150126868|23 22 00.7|-12 22 05|  96.513|
|GRB150329288|10 52 00.0|-12 19 12|  28.928|
|GRB120820585|12 26 33.6|-12 18 36| 107.522|
|GRB080828189|14 45 12.0|-12 18 00|   3.008|
|GRB150817087|16 38 34.3|-12 03 58|  35.584|
|GRB110120666|04 06 24.0|-12 00 00|  28.417|
|GRB130821674|20 56 24.0|-12 00 00|  87.041|
|GRB150723608|09 59 26.4|-12 55 48|  33.024|
|GRB110117626|08 38 02.4|-12 52 48|  43.264|
|GRB140302342|16 55 26.2|-12 52 42|  67.584|
|GRB091013989|16 16 07.2|-12 45 36|  38.400|
|GRB170121614|04 51 21.6|-12 39 00|  46.337|
|GRB140408553|19 22 51.8|-12 35 37|   7.680|
|GRB170114917|00 48 19.2|-12 33 00|  14.592|
|GRB111011094|02 31 50.4|-12 31 48|   1.472|
|GRB111010899|05 08 04.8|-14 57 36|  18.560|
|GRB130515430|20 51 21.6|-14 57 00|  20.480|
|GRB110717319|20 51 21.6|-14 50 24|  90.369|
|GRB150105257|08 17 16.8|-14 46 48|  73.729|
|GRB081124060|22 40 24.0|-14 36 00|  19.456|
|GRB120913997|14 14 34.6|-14 32 06| 130.050|
|GRB130131511|12 38 31.2|-14 28 48| 147.459|
|GRB130704560|04 22 14.4|-14 27 36|   6.400|
|GRB150613995|15 14 09.6|-07 04 12|  46.593|
|GRB170409112|23 10 19.2|-07 04 12|  68.097|
|GRB111017657|00 32 24.0|-07 00 36|  11.072|
|GRB100330856|21 45 31.2|-06 58 12|   5.120|
|GRB140404900|06 47 14.4|-06 57 00|  22.784|
|GRB140825980|17 37 57.6|-06 55 12|  16.384|
|GRB080818579|04 01 36.0|-06 54 00|  59.329|
|GRB110528624|02 59 09.6|-06 52 12|  69.633|
|GRB090330279|10 40 48.0|-08 12 00|  73.473|
|GRB100516369|18 17 38.4|-08 12 00|   2.112|
|GRB130213905|06 36 21.6|-08 06 00|  15.360|
|GRB161013948|07 17 14.4|-07 51 36|  34.816|
|GRB110717180|20 33 52.8|-07 51 00|   0.112|
|GRB141205763|19 55 04.8|-07 49 12|   5.437|
|GRB160804968|06 13 02.4|-07 39 36|   0.320|
|GRB130802730|05 21 07.2|-07 37 12|   0.064|
|GRB130720582|22 32 07.2|-09 24 00| 199.172|
|GRB090829702|23 39 57.6|-09 21 36| 101.633|
|GRB120907017|04 59 00.0|-09 18 54|   5.760|
|GRB090405663|14 47 36.0|-09 12 00|   0.448|
|GRB090413122|17 46 00.0|-09 12 00|  32.513|
|GRB160225720|05 22 21.6|-09 11 24|  70.144|
|GRB081120618|13 41 36.0|-09 06 00|  25.344|
|GRB120817057|17 19 52.8|-09 04 12|  36.864|
|GRB090426690|05 30 48.0|-09 42 00|   7.488|
|GRB140619475|08 50 48.0|-09 42 00|   2.816|
|GRB141011282|17 11 45.4|-09 40 52|   0.080|
|GRB110108977|00 46 28.8|-09 38 24|  51.456|
|GRB151011136|17 13 24.0|-09 38 24|  25.344|
|GRB130626452|18 12 31.2|-09 31 52|   1.728|
|GRB150216415|08 02 43.2|-09 31 12|  33.792|
|GRB160621497|20 30 09.6|-09 28 48| 251.136|
|GRB170109137|07 48 57.6|-10 55 12| 293.637|
|GRB090514006|00 49 12.0|-10 54 00|  43.521|
|GRB110503145|04 42 02.4|-10 54 00|   7.936|
|GRB110923835|21 33 36.0|-10 53 24|  46.398|
|GRB130123843|20 58 16.8|-10 52 12|  22.016|
|GRB110207470|00 50 10.1|-10 48 22|  37.888|
|GRB081024851|09 43 12.0|-10 48 00|  56.065|
|GRB170923566|15 13 12.0|-10 46 48|  27.648|
|GRB160826938|06 57 50.4|-01 01 12|   1.792|
|GRB100330309|13 28 19.2|-00 54 00|  10.048|
|GRB131006840|09 17 26.4|-00 52 12|  41.984|
|GRB131127592|20 24 21.6|-00 48 36|  18.176|
|GRB100717372|19 08 14.4|-00 39 36|   5.952|
|GRB120629565|11 44 38.4|-00 36 00|   0.704|
|GRB140624423|01 32 38.4|-00 33 36|   0.096|
|GRB130830864|09 31 52.8|-00 33 00|  83.968|
|GRB130305526|04 53 16.8|-01 33 36| 118.528|
|GRB170212034|10 20 24.0|-01 28 48|  15.872|
|GRB120218276|06 47 24.0|-01 22 12| 256.260|
|GRB131029990|07 21 07.2|-01 22 12|  50.944|
|GRB140818781|18 04 35.5|-01 21 40|  20.992|
|GRB120121251|13 55 36.0|-01 20 24|  37.121|
|GRB120915474|18 54 14.4|-01 06 36|   5.888|
|GRB141005535|17 49 09.6|-01 05 24|  11.264|
|GRB100701490|02 52 26.2|-02 13 26|  22.016|
|GRB141003788|09 10 33.6|-02 12 36|   7.424|
|GRB130815660|07 29 28.8|-02 09 00|  37.889|
|GRB120618919|14 14 16.8|-02 06 36|  47.616|
|GRB081122614|10 05 36.0|-02 06 00|   0.192|
|GRB121005030|13 00 40.8|-02 05 24|  96.768|
|GRB090202347|18 17 12.0|-02 00 00|  12.608|
|GRB160503567|00 02 09.6|-01 55 48|  59.392|
|GRB150127589|09 29 38.4|-03 08 24|  60.929|
|GRB121008424|22 43 52.8|-03 06 00|   3.456|
|GRB080913735|03 00 24.0|-03 00 00|  41.217|
|GRB131004904|19 44 27.6|-02 57 36|   1.152|
|GRB150911315|23 41 07.2|-02 54 00|  41.728|
|GRB110730660|22 20 24.0|-02 53 24|  33.856|
|GRB160226913|06 09 12.0|-02 52 12| 105.472|
|GRB080824909|08 09 36.0|-02 48 00|   7.424|
|GRB170228794|15 58 12.0|-03 35 24|  60.673|
|GRB120204054|19 30 19.2|-03 34 12|  49.089|
|GRB121031949|11 23 05.0|-03 30 40| 242.436|
|GRB110613631|22 27 26.4|-03 28 12|  40.193|
|GRB100427356|05 56 40.8|-03 27 36|  12.544|
|GRB150506972|01 57 00.0|-03 22 12|   0.384|
|GRB090713020|18 59 12.0|-03 19 48|  82.817|
|GRB110605780|16 08 21.6|-03 08 24|   1.536|
|GRB100511035|07 17 09.6|-04 39 00|  42.433|
|GRB101016243|08 52 09.6|-04 37 12|   3.840|
|GRB131011741|02 10 06.1|-04 24 42|  77.057|
|GRB131229277|05 40 55.8|-04 23 46|  12.992|
|GRB100420008|08 13 50.4|-04 23 24|  20.288|
|GRB121023322|20 55 26.4|-04 22 48|   0.512|
|GRB170423719|22 57 21.6|-04 15 36|  46.593|
|GRB130518551|19 18 52.8|-04 09 00|   4.096|
|GRB141230142|03 47 55.2|+01 35 24|   9.856|
|GRB110206202|22 14 48.0|+01 36 36|  12.288|
|GRB110812899|05 11 02.4|+01 42 36|  11.264|
|GRB091128285|08 30 45.6|+01 43 48|  87.810|
|GRB160215773|23 47 09.6|+01 43 48| 141.314|
|GRB090623913|02 46 48.0|+01 48 00|   7.168|
|GRB120914144|17 51 45.6|+01 49 12|  10.240|
|GRB110529811|22 42 28.8|+01 51 36|  34.816|
|GRB100225580|20 57 04.8|+00 12 36|   6.400|
|GRB101113483|01 56 19.2|+00 12 36|  12.288|
|GRB160717813|19 51 07.2|+00 15 36|  66.817|
|GRB100728439|02 56 12.7|+00 16 48|  10.240|
|GRB150106921|02 43 19.2|+00 18 36|  79.872|
|GRB080810549|23 47 12.0|+00 19 12| 107.457|
|GRB100326402|20 58 48.0|+00 27 00| 171.011|
|GRB170326489|20 19 50.4|+00 35 24|   9.728|
|GRB140918379|23 44 43.2|-00 32 24| 165.632|
|GRB170203486|16 20 21.6|-00 30 36|   0.336|
|GRB150613420|07 04 31.2|-00 27 36|  27.392|
|GRB171103655|00 22 48.0|-00 22 48|  25.600|
|GRB101026034|17 34 48.0|-00 22 12|   0.256|
|GRB130214800|03 47 43.2|-00 17 24|  13.760|
|GRB141028455|21 30 24.2|-00 13 52|  31.489|
|GRB130903033|05 28 31.2|-00 07 36|  68.608|
|GRB120213606|12 13 57.6|+05 45 36|  13.824|
|GRB160728337|22 28 09.6|+05 46 12|  18.688|
|GRB100423244|07 58 40.8|+05 46 48|  16.512|
|GRB111216389|12 23 57.6|+05 49 48|  83.778|
|GRB140402007|13 50 22.1|+05 58 16|   0.320|
|GRB110119931|23 14 13.9|+05 59 15| 205.828|
|GRB130829672|17 14 02.4|+06 00 00|   6.656|
|GRB100919884|10 52 57.6|+06 01 12|  49.601|
|GRB130906222|12 56 26.4|+04 12 00|  11.264|
|GRB150527283|19 15 50.4|+04 12 05|  20.736|
|GRB140516700|07 40 38.4|+04 17 24|  38.144|
|GRB120603439|13 15 10.6|+04 19 34|   0.384|
|GRB140824548|03 42 31.2|+04 21 00|   4.096|
|GRB100517243|00 41 45.6|+04 25 48|  29.633|
|GRB081012045|04 38 48.0|+04 30 00|   1.216|
|GRB090904581|17 26 36.0|+04 33 36|  38.401|
|GRB101003244|11 43 24.0|+02 29 24|   9.984|
|GRB091227294|19 47 45.6|+02 36 00|  21.888|
|GRB130929375|13 23 43.2|+02 48 00|   2.304|
|GRB130117087|22 44 57.6|+02 48 36|  78.848|
|GRB160314473|10 47 57.6|+02 49 48|   1.664|
|GRB110302043|08 09 24.0|+02 54 36|  38.336|
|GRB150412507|12 27 09.6|+02 54 36|   0.576|
|GRB100616773|22 51 38.4|+03 05 24|   0.192|
|GRB131110373|00 39 14.4|+08 09 36|  27.328|
|GRB160825799|21 58 09.6|+08 09 36|   6.144|
|GRB150326521|23 01 33.6|+08 11 24|   5.888|
|GRB141221338|13 13 08.6|+08 12 19|  23.808|
|GRB080714086|02 47 36.0|+08 30 00|   5.376|
|GRB120227391|05 39 02.4|+08 30 00|  19.712|
|GRB161112496|18 35 16.8|+08 34 48|  71.422|
|GRB121211695|04 49 28.8|+08 37 48|   8.960|
|GRB150619287|14 38 45.6|+08 38 24|  57.089|
|GRB100414097|12 48 26.9|+08 41 30|  26.497|
|GRB101207536|11 43 00.0|+08 43 12|  61.441|
|GRB110529262|11 30 24.0|+08 47 24|  45.825|
|GRB090206620|10 24 48.0|+08 48 00|   0.320|
|GRB080725541|23 39 12.0|+08 54 00|   0.960|
|GRB080920268|08 06 24.0|+08 54 00| 113.921|
|GRB120624933|11 23 45.6|+08 55 48| 271.364|
|GRB140219824|10 32 48.0|+07 12 00|  77.056|
|GRB170912985|05 34 16.8|+07 12 00|   0.480|
|GRB090807832|21 47 36.0|+07 13 48|  17.920|
|GRB111105457|10 13 55.2|+07 16 48|  43.520|
|GRB080818945|06 32 24.0|+07 24 00|  13.376|
|GRB161014522|22 10 35.5|+07 28 07|  36.609|
|GRB150506398|11 45 00.0|+07 33 36|   6.784|
|GRB081216531|08 36 48.0|+07 36 00|   0.768|
|GRB161229878|05 24 07.2|+06 18 36|  33.537|
|GRB140610548|08 06 52.8|+06 19 12|  36.865|
|GRB120806007|20 35 57.6|+06 19 48|  26.624|
|GRB121122870|23 41 48.0|+06 20 24| 125.439|
|GRB170818137|19 48 52.8|+06 21 00|   0.576|
|GRB160102500|14 55 04.8|+06 22 48|  25.344|
|GRB160827616|08 36 14.4|+06 22 48|   6.400|
|GRB170302876|00 47 48.0|+06 24 36|  89.856|
|GRB160125368|05 07 07.2|+13 00 36|  16.896|
|GRB100905907|17 30 36.0|+13 04 48|  11.520|
|GRB100206563|03 08 38.8|+13 09 28|   0.176|
|GRB091123081|22 31 16.8|+13 21 00|  15.552|
|GRB130215063|02 53 55.2|+13 22 12| 143.746|
|GRB110412315|08 53 58.1|+13 31 01|  20.733|
|GRB150901924|01 05 21.6|+13 31 12|   0.256|
|GRB140821997|11 38 52.8|+13 31 48|  32.513|
|GRB100313509|12 25 28.8|+11 43 12|  34.048|
|GRB110531448|12 42 02.4|+11 51 00|  38.656|
|GRB171022885|14 28 14.4|+11 54 36|  13.278|
|GRB091201089|01 51 21.6|+11 56 24|  12.992|
|GRB140112060|00 33 45.6|+11 59 24|  12.032|
|GRB170110967|03 18 28.8|+12 03 00|  34.048|
|GRB170305256|02 34 38.4|+12 05 24|   0.448|
|GRB091005679|02 52 33.6|+12 07 12|   6.976|
|GRB130219626|14 06 24.0|+12 13 12|   1.536|
|GRB160104475|05 07 11.2|+11 19 26|   8.704|
|GRB150131335|01 04 28.8|+11 21 36|   8.192|
|GRB151219567|23 24 45.6|+11 22 12|  62.720|
|GRB130624093|22 29 16.8|+11 27 00|  13.824|
|GRB110601681|20 42 50.4|+11 28 48|  52.206|
|GRB090428552|00 03 12.0|+11 30 00|  31.488|
|GRB160113398|12 29 02.4|+11 31 48|  24.576|
|GRB141230834|12 05 52.8|+11 39 00|  28.928|
|GRB160804065|14 46 31.2|+09 59 56| 131.586|
|GRB101211485|02 07 21.6|+10 03 36|  13.568|
|GRB120224898|22 04 14.4|+10 10 48|  29.184|
|GRB130702951|19 28 38.4|+10 23 24|  16.384|
|GRB110926107|04 37 45.6|+10 25 48|  75.265|
|GRB130623699|18 58 43.2|+10 40 12|   7.680|
|GRB120420858|07 17 02.4|+10 45 36| 254.913|
|GRB140720280|09 25 24.0|+10 45 36|   9.984|
|GRB160522445|06 58 48.0|+21 11 24|  43.777|
|GRB081024891|21 31 36.0|+21 12 00|   0.640|
|GRB090131090|23 29 12.0|+21 12 00|  35.073|
|GRB131202906|11 18 38.4|+21 15 00|  86.017|
|GRB170316710|11 53 04.8|+21 15 36|  39.425|
|GRB121223300|03 20 26.4|+21 22 12|  11.005|
|GRB081110601|07 26 48.0|+21 24 00|  11.776|
|GRB131014513|01 00 12.0|+21 25 48|  30.208|
|GRB160308709|08 33 04.8|+20 11 24|  88.064|
|GRB100625891|22 33 02.4|+20 17 24|  29.184|
|GRB080804456|07 10 00.0|+20 18 00| 501.830|
|GRB140224382|00 11 07.2|+20 22 12|   2.304|
|GRB140917512|11 25 28.8|+20 24 36|  16.512|
|GRB100608382|02 02 09.6|+20 27 00|  30.208|
|GRB090907808|05 24 14.4|+20 30 00|   0.832|
|GRB170325331|08 29 55.9|+20 31 34|   0.576|
|GRB100502356|08 44 02.4|+18 22 48|  95.810|
|GRB081009140|16 42 00.0|+18 24 00|  41.345|
|GRB100814351|08 11 16.8|+18 29 24|   7.424|
|GRB120430980|03 09 00.0|+18 31 12|  14.592|
|GRB100719825|15 25 38.4|+18 33 36|   3.072|
|GRB100228873|07 51 57.6|+18 37 48|   8.704|
|GRB100516396|19 50 43.2|+18 39 36|   0.640|
|GRB100101988|04 42 38.4|+18 41 24|   1.984|
|GRB110906302|01 45 16.8|+17 39 00|  23.936|
|GRB090629543|00 33 55.2|+17 40 12|  20.480|
|GRB090612619|05 24 07.2|+17 42 36|  42.433|
|GRB121210081|13 30 09.6|+17 46 12|  12.800|
|GRB141122956|05 02 50.4|+17 56 24|   4.096|
|GRB140328560|21 20 09.6|+17 58 12|   4.160|
|GRB171002969|11 44 57.6|+18 03 00|   7.936|
|GRB141213300|16 32 45.6|+18 03 36|   0.768|
|GRB100131730|08 01 36.0|+16 27 00|   3.520|
|GRB120122300|06 26 19.2|+16 31 48|  16.701|
|GRB110220761|12 21 57.6|+16 34 48|  33.024|
|GRB081022364|13 41 36.0|+16 36 00|  17.152|
|GRB130612141|17 19 13.0|+16 42 22|   7.424|
|GRB120415076|14 14 09.6|+16 43 48|  12.544|
|GRB090424592|12 38 00.0|+16 48 00|  14.144|
|GRB170422343|12 34 31.2|+16 49 12|  25.344|
|GRB140729026|12 55 48.0|+15 21 00|  55.553|
|GRB110825102|02 59 35.0|+15 24 25|  62.465|
|GRB101015558|04 52 38.4|+15 27 36| 500.552|
|GRB090915650|15 52 04.8|+15 29 16|  76.609|
|GRB160131174|07 32 07.2|+15 29 24| 205.315|
|GRB100111176|16 28 11.5|+15 33 03|  19.520|
|GRB100228544|13 19 19.2|+15 37 12|  67.072|
|GRB110307972|12 52 28.8|+15 38 24|   2.304|
|GRB170722525|03 20 09.6|+14 17 24|  37.376|
|GRB090626707|09 05 45.6|+14 26 24|        |
|GRB100116897|20 20 04.8|+14 27 00| 102.530|
|GRB150716552|19 06 33.6|+14 27 36|  32.768|
|GRB111228453|22 02 36.0|+14 28 12|   2.944|
|GRB170206453|14 11 09.6|+14 28 48|   1.168|
|GRB170403583|17 48 19.2|+14 31 48|   0.480|
|GRB121012724|02 13 40.8|+14 34 48|   0.448|
|GRB170530581|07 48 57.6|+14 34 48|  19.456|
|GRB110227229|01 40 57.6|+15 53 24|  18.432|
|GRB100210101|16 17 31.2|+16 04 48|  29.184|
|GRB160628579|18 33 16.8|+16 05 24|  23.040|
|GRB150717795|15 46 12.0|+16 08 24|   9.984|
|GRB160724444|03 45 40.8|+16 13 48|  11.008|
|GRB120727681|02 31 02.4|+16 21 36|  10.496|
|GRB160727971|09 43 57.6|+16 24 00|   3.136|
|GRB110228792|16 20 21.6|+16 24 36|  17.152|
|GRB150319271|00 28 31.2|+28 03 36|  10.496|
|GRB110128073|12 55 36.0|+28 06 00|  12.160|
|GRB161125931|03 57 26.4|+28 07 48|  69.633|
|GRB130610133|14 57 40.8|+28 12 36|  21.760|
|GRB170222209|19 31 49.4|+28 12 40|   1.664|
|GRB130828306|17 19 11.3|+28 12 56| 136.450|
|GRB160513962|19 15 21.6|+28 21 00|  65.792|
|GRB141226880|10 55 24.0|+28 23 24|  38.656|
|GRB100816026|23 26 57.1|+26 34 43|   2.045|
|GRB101130074|18 18 26.4|+26 37 12|   4.864|
|GRB090708152|10 18 31.0|+26 38 13|  21.248|
|GRB170618475|00 59 19.2|+26 44 24|  52.481|
|GRB081217983|07 47 12.0|+26 48 00|  29.696|
|GRB081226156|12 52 00.0|+26 48 00|  65.793|
|GRB100406758|05 11 09.6|+26 51 36|   5.888|
|GRB110401920|17 54 14.4|+26 52 12|   2.368|
|GRB121005340|09 58 55.2|+25 24 00| 141.568|
|GRB091017861|14 03 12.0|+25 29 24|   2.624|
|GRB170708046|22 13 00.0|+25 37 48|   0.160|
|GRB140831215|18 41 28.8|+25 38 24|   0.704|
|GRB170522657|09 17 21.6|+25 40 12|   7.424|
|GRB161228032|07 43 16.8|+25 45 36|  39.937|
|GRB090704783|19 45 24.0|+25 52 48|  19.456|
|GRB120205285|16 13 40.1|+25 54 00|   0.576|
|GRB140603476|14 29 48.0|+25 54 36| 138.242|
|GRB141029134|06 50 00.0|+25 04 12| 202.435|
|GRB120727354|10 53 02.4|+25 05 24|   0.896|
|GRB150612702|00 09 07.2|+25 05 24|  68.353|
|GRB100915243|05 41 34.7|+25 05 42|   7.936|
|GRB131217183|15 10 55.2|+25 09 36|   9.216|
|GRB130530719|10 43 48.0|+25 13 48|  58.621|
|GRB170412917|13 27 00.0|+25 16 48|  81.601|
|GRB090112729|12 49 12.0|+25 24 00|  14.080|
|GRB120312671|16 47 14.9|+23 52 52|  13.312|
|GRB110904531|21 34 57.6|+23 56 24|  20.480|
|GRB150614073|18 53 02.4|+23 57 00|   5.120|
|GRB121202181|17 07 15.6|+23 57 07|  17.152|
|GRB170803172|05 06 00.0|+23 58 12|   6.656|
|GRB171008080|15 30 21.6|+24 01 12|   1.472|
|GRB140715231|04 20 12.0|+24 04 12|  77.312|
|GRB160831411|20 11 40.8|+24 05 24|  50.689|
|GRB140819160|19 09 57.6|+24 06 00|   6.656|
|GRB141102779|07 36 52.8|+22 43 48|  25.088|
|GRB090704242|13 52 49.2|+22 47 24|  69.889|
|GRB160929529|22 40 55.2|+22 47 24|   4.864|
|GRB120328268|15 12 33.6|+22 48 00|  29.697|
|GRB151024179|15 31 26.4|+22 57 00|   4.608|
|GRB160917921|09 42 43.2|+22 57 00|  10.752|
|GRB090717111|16 27 48.0|+22 58 12|   0.384|
|GRB130307126|10 23 59.0|+22 59 53|   0.384|
|GRB140216331|12 56 09.6|+31 27 36|   2.432|
|GRB100302061|11 04 45.6|+31 30 36|   2.240|
|GRB140227738|15 41 14.4|+31 33 00|  17.152|
|GRB140628704|23 56 36.0|+31 33 36|  75.520|
|GRB150609316|03 29 02.4|+31 37 48|   0.256|
|GRB110706728|00 36 14.4|+31 43 48|  16.896|
|GRB130220964|20 24 48.0|+31 44 24|   6.400|
|GRB150923297|21 07 12.0|+31 49 12|   0.192|
|GRB130612456|16 31 45.6|+31 01 12|  10.240|
|GRB100530737|19 18 55.2|+31 02 24|   3.328|
|GRB160827837|21 09 26.4|+31 03 36|  24.576|
|GRB140825328|22 51 21.6|+31 05 24|  78.593|
|GRB160519012|04 44 27.1|+31 11 49|  98.560|
|GRB140126815|13 54 48.0|+31 16 48|  75.776|
|GRB090419997|05 54 24.0|+31 18 00| 166.915|
|GRB131128629|23 41 13.9|+31 18 23|   1.984|
|GRB140109771|06 50 57.6|+29 45 36|   0.704|
|GRB081119184|23 06 00.0|+30 00 00|   0.320|
|GRB100315361|13 55 36.0|+30 08 24|  35.584|
|GRB121211574|13 02 10.6|+30 09 40|   5.632|
|GRB161015710|17 56 36.0|+30 11 24|  15.104|
|GRB090610883|04 41 28.8|+30 18 00|   7.424|
|GRB100829876|06 01 38.2|+30 18 50|   8.704|
|GRB090730608|16 50 19.2|+30 27 36|   9.088|
|GRB150411026|22 51 00.0|+28 23 24|  15.360|
|GRB150226545|03 24 24.0|+28 28 48| 174.595|
|GRB150618674|15 52 40.8|+28 32 24|  45.312|
|GRB170125022|17 36 33.6|+28 34 48|   3.904|
|GRB111201599|12 21 52.8|+28 36 36|  16.896|
|GRB080730786|16 26 24.0|+28 42 00|  13.312|
|GRB110705364|08 11 50.4|+28 48 00|  19.200|
|GRB111112908|14 54 52.8|+28 48 36|   0.224|
|GRB160406503|17 27 11.3|+32 15 47|   0.432|
|GRB170929513|12 51 31.2|+32 18 00|   9.472|
|GRB110413938|23 30 40.8|+32 19 48|  54.272|
|GRB110217591|18 18 57.6|+32 21 00|  60.672|
|GRB170830328|14 39 48.0|+32 24 36|  14.592|
|GRB140209313|05 25 18.7|+32 29 17|   1.408|
|GRB080924766|04 51 12.0|+32 30 00|  39.937|
|GRB150110923|19 17 26.4|+32 31 19|   2.560|
|GRB110124784|03 35 19.2|+36 21 00|   5.376|
|GRB110921577|19 36 18.7|+36 22 37|  40.705|
|GRB170805901|16 15 52.8|+36 22 48|  25.856|
|GRB110101202|17 37 02.4|+36 32 24|   3.584|
|GRB091003191|16 46 04.8|+36 37 29|  20.224|
|GRB120916173|13 43 14.4|+36 39 36|  52.993|
|GRB090228976|23 50 24.0|+36 42 00|   7.936|
|GRB151222340|23 40 43.2|+36 42 00|   0.768|
|GRB150101270|20 50 24.7|+36 44 00|   0.240|
|GRB120612680|14 07 31.2|+34 33 36|  63.232|
|GRB110101506|07 02 00.0|+34 34 48| 235.523|
|GRB120703417|04 37 57.6|+34 44 24|  64.513|
|GRB160318342|04 22 43.2|+34 44 24|  12.800|
|GRB140429975|22 34 24.0|+34 51 00|   9.216|
|GRB150208929|23 22 40.8|+34 53 24|   0.128|
|GRB090207777|16 50 48.0|+34 54 00|  24.832|
|GRB170903534|16 58 07.7|+34 59 06|  25.600|
|GRB171124235|22 22 04.8|+35 13 12|  26.177|
|GRB131108024|23 34 24.0|+33 52 48|  14.592|
|GRB131127696|16 25 12.0|+33 55 12|  15.104|
|GRB150120123|00 41 16.5|+33 59 41|   1.728|
|GRB100225703|09 51 38.4|+34 00 36|   4.480|
|GRB090802235|05 37 19.2|+34 05 24|   0.128|
|GRB090126227|12 36 48.0|+34 06 00|   5.632|
|GRB170804911|17 25 02.4|+34 08 24|  26.368|
|GRB100805300|01 31 12.0|+34 11 24|   0.064|
|GRB080724401|23 53 12.0|+32 54 00| 379.397|
|GRB100307928|08 37 40.8|+32 58 12|  16.128|
|GRB090102122|08 32 48.0|+33 06 00|  26.624|
|GRB120814803|06 02 16.8|+33 07 48|   0.192|
|GRB140404171|11 30 55.2|+33 10 48|  26.624|
|GRB081223419|07 30 00.0|+33 12 00|   0.576|
|GRB150622393|17 48 12.0|+33 15 00|  60.673|
|GRB110304071|21 31 43.2|+33 16 12|  19.520|
|GRB141222691|06 29 43.2|+40 07 48|  34.049|
|GRB151022577|07 21 28.8|+40 13 48|   0.320|
|GRB140714268|14 43 57.6|+40 18 36| 132.098|
|GRB110916016|00 16 26.4|+40 21 36|   1.792|
|GRB090422150|19 38 48.0|+40 24 00|   9.216|
|GRB170829674|21 46 21.6|+40 39 00|  81.152|
|GRB120713226|10 46 43.2|+40 39 36|  13.824|
|GRB111208353|19 20 36.0|+40 40 08|  40.961|
|GRB170604603|22 41 45.6|+40 40 12|   0.320|
|GRB091107635|12 09 24.0|+38 56 24|  11.008|
|GRB150211239|22 26 14.4|+38 58 48|  18.432|
|GRB160910722|14 45 46.1|+39 04 00|  24.320|
|GRB161227498|05 18 00.0|+39 09 00|   2.560|
|GRB130924910|05 14 21.6|+39 15 36|   1.792|
|GRB151211672|17 29 57.6|+39 15 36|  40.897|
|GRB101112924|19 28 52.3|+39 21 32|   9.472|
|GRB160228034|02 08 50.4|+39 22 48|  16.128|
|GRB100219026|22 03 43.2|+37 47 24|  59.712|
|GRB141205337|06 11 26.2|+37 52 34|   1.280|
|GRB170614255|04 42 12.0|+37 55 48| 122.626|
|GRB160628136|05 51 40.8|+38 10 12|   5.888|
|GRB110130230|07 26 02.4|+38 15 00|  47.360|
|GRB091209001|17 23 50.4|+38 17 24|  42.945|
|GRB120509619|13 01 33.6|+38 18 36|   0.704|
|GRB150323395|17 21 47.3|+38 18 58|  56.321|
|GRB171007498|09 02 10.6|+42 50 56|   3.456|
|GRB110422029|15 06 45.6|+43 01 12|   0.320|
|GRB141111435|03 24 52.8|+43 01 12|   1.728|
|GRB110328520|07 50 36.0|+43 06 00| 141.315|
|GRB171106498|18 16 16.8|+43 07 12|  10.752|
|GRB161017745|09 31 03.6|+43 08 31|  32.256|
|GRB090520832|22 08 00.0|+43 12 00|   0.768|
|GRB131217506|03 49 50.4|+43 12 36|   3.328|
|GRB140501497|04 11 07.2|+43 15 00|  22.144|
|GRB100902990|20 24 09.6|+42 18 36|  22.272|
|GRB171009138|23 12 33.6|+42 18 36|  47.104|
|GRB160821857|11 24 59.5|+42 20 35|  43.009|
|GRB171025213|15 30 38.4|+42 21 00|   6.400|
|GRB080816503|10 24 48.0|+42 36 00|  64.769|
|GRB130517781|02 47 26.4|+42 39 36|  33.280|
|GRB170710340|02 52 29.3|+42 40 44|  42.240|
|GRB100609783|06 01 55.2|+42 46 48| 230.404|
|GRB130406354|09 12 50.4|+42 49 48|   2.560|
|GRB150703259|22 45 19.2|+46 36 36|  46.593|
|GRB080806896|16 07 12.0|+46 42 00|  75.777|
|GRB171126235|15 51 21.6|+46 45 36|   1.472|
|GRB130314147|13 44 50.4|+46 46 12| 142.851|
|GRB140508128|17 01 52.1|+46 46 49|  44.288|
|GRB120504468|21 59 45.6|+46 49 48|  41.985|
|GRB100706693|17 00 38.4|+46 53 24|   0.128|
|GRB110106893|08 56 47.0|+46 59 53|  35.521|
|GRB140703026|00 51 59.0|+45 06 06|  83.969|
|GRB130716352|23 15 28.8|+45 20 24|  91.136|
|GRB081130212|02 16 48.0|+45 24 00|   2.240|
|GRB151107851|02 05 12.0|+45 35 24| 139.010|
|GRB160314929|11 10 14.4|+45 40 12|  97.538|
|GRB101224227|19 03 42.2|+45 42 54|   1.728|
|GRB090814950|20 30 36.0|+45 43 12| 108.610|
|GRB101101744|00 54 12.0|+45 45 00|   3.328|
|GRB170606968|08 12 38.4|+43 55 48|  11.264|
|GRB101027230|05 16 04.8|+43 58 12|   1.344|
|GRB111010237|05 48 21.6|+43 58 48|  82.433|
|GRB140831374|00 17 09.6|+44 00 36|   3.584|
|GRB130409960|02 02 04.8|+44 06 00|  26.112|
|GRB090817036|04 15 51.8|+44 07 24|  52.417|
|GRB130407800|03 34 07.2|+44 10 12|  32.000|
|GRB131024900|09 38 00.7|+44 16 17|  45.312|
|GRB090909487|02 09 12.0|+53 55 12|  14.336|
|GRB170310417|14 33 14.4|+53 58 48|  13.568|
|GRB081215784|08 22 24.0|+54 00 00|   5.568|
|GRB171102107|12 30 55.2|+54 01 48|  48.385|
|GRB121128212|20 02 24.0|+54 17 59|  17.344|
|GRB090429530|17 20 00.0|+54 18 00|  14.336|
|GRB161022114|08 36 00.5|+54 20 56|  26.368|
|GRB130420539|12 12 30.7|+54 23 26|  13.824|
|GRB120226447|05 50 21.6|+52 21 00|  14.592|
|GRB160206430|12 17 02.4|+52 24 36|  21.504|
|GRB110605183|00 59 48.0|+52 27 36|  82.689|
|GRB140311885|16 49 09.8|+52 44 49|  72.193|
|GRB120101354|12 23 28.8|+52 54 36|   0.128|
|GRB090815946|16 45 02.4|+52 55 48| 212.992|
|GRB150416773|03 55 00.0|+52 57 36|  33.281|
|GRB081102739|22 04 48.0|+53 00 00|  34.816|
|GRB091223511|15 25 04.8|+54 43 48|  49.725|
|GRB120522361|03 44 16.8|+54 51 00|  28.160|
|GRB130228111|17 01 50.4|+55 01 12| 111.106|
|GRB151014592|00 01 33.6|+55 04 12|  34.304|
|GRB120308588|02 03 00.0|+55 13 12|  25.600|
|GRB160101215|00 05 26.4|+55 13 48|  22.013|
|GRB130925546|05 33 43.2|+55 18 00| 265.477|
|GRB121125356|15 14 04.8|+55 19 19|  49.857|
|GRB160518985|17 43 02.4|+49 58 48|  27.136|
|GRB140219319|14 47 43.2|+50 00 00|   6.080|
|GRB170817908|05 32 07.2|+50 04 12|   2.624|
|GRB170219002|03 39 22.3|+50 04 19|   0.096|
|GRB140105065|13 52 52.8|+50 10 12|   1.088|
|GRB150323712|12 50 27.1|+50 11 53|  43.264|
|GRB120427153|07 38 48.0|+50 12 36|  22.784|
|GRB160804180|08 11 26.4|+50 18 00|   0.640|
|GRB130919352|03 59 12.0|+48 31 12|  80.897|
|GRB120226871|20 11 43.2|+48 39 54|  52.993|
|GRB081126899|21 34 00.0|+48 42 00|  54.145|
|GRB150710646|08 55 31.2|+48 54 00|  33.280|
|GRB150707124|05 37 40.8|+48 57 36| 112.384|
|GRB140502354|21 16 44.9|+48 58 12|  20.096|
|GRB140306146|01 51 45.6|+48 58 48|  51.713|
|GRB130623396|13 34 21.6|+49 01 48|  44.544|
|GRB170614486|14 42 50.4|+47 30 00|  26.880|
|GRB110117364|08 43 28.8|+47 35 24|  72.448|
|GRB161205561|21 15 55.2|+47 39 00|  33.536|
|GRB140630505|01 50 19.2|+47 43 48|  63.745|
|GRB100802240|00 09 52.2|+47 45 16|  28.672|
|GRB170711931|03 03 08.6|+47 51 00|  12.288|
|GRB120118898|11 06 16.8|+47 52 12|  17.152|
|GRB080805496|21 30 48.0|+47 54 00|  29.440|
|GRB160813297|21 32 09.6|+47 54 00|   7.936|
|GRB130813791|13 36 07.2|+56 20 24|  11.264|
|GRB120616630|05 18 45.6|+56 26 24|   0.048|
|GRB170626401|11 01 39.4|+56 28 08|  12.288|
|GRB130706900|19 57 26.4|+56 28 48|   0.128|
|GRB130404877|01 53 09.6|+56 29 24|   0.960|
|GRB160814622|01 26 50.4|+56 30 36|   1.664|
|GRB170511477|06 19 36.0|+56 33 36|   2.304|
|GRB091024372|22 37 00.5|+56 53 21|  93.954|
|GRB091024380|22 37 00.5|+56 53 21| 450.569|
|GRB081229187|11 30 24.0|+56 54 00|   0.768|
|GRB130106995|01 55 02.4|+63 22 48|  70.401|
|GRB170521882|05 25 55.2|+63 29 24|   7.680|
|GRB081209981|03 01 12.0|+63 30 00|   0.192|
|GRB140709637|09 44 17.0|+63 30 18| 156.416|
|GRB151009949|14 48 00.0|+63 42 36|  18.944|
|GRB170111815|18 03 31.2|+63 42 36|   3.072|
|GRB160714097|15 37 50.6|+63 49 52|   0.320|
|GRB150314205|08 26 40.8|+63 50 03|  10.688|
|GRB150512432|13 22 00.0|+59 06 36| 123.138|
|GRB090219074|01 46 00.0|+59 12 00|   0.448|
|GRB120129580|02 01 45.6|+59 16 55|   3.072|
|GRB130215649|00 12 26.4|+59 22 48|  58.113|
|GRB120716577|20 18 07.2|+59 24 36|  24.960|
|GRB130420313|13 04 26.4|+59 25 12| 104.962|
|GRB140912664|20 14 00.0|+59 33 36|   2.304|
|GRB090107681|18 59 12.0|+59 36 00|  18.432|
|GRB140817293|08 29 03.6|+58 11 24|  16.128|
|GRB161015400|11 21 48.0|+58 12 00|   0.192|
|GRB151212064|20 54 43.2|+58 15 00|  13.312|
|GRB120926335|21 13 33.6|+58 22 48|   4.288|
|GRB120206949|04 53 48.0|+58 24 36|   9.472|
|GRB101202154|16 56 04.8|+58 28 48|  18.432|
|GRB150202999|05 47 04.8|+58 33 00| 167.427|
|GRB120130938|21 33 12.0|+58 33 36|  38.913|
|GRB160421137|03 08 55.2|+62 46 48|  25.088|
|GRB140311618|12 14 36.0|+62 48 36|  14.336|
|GRB161210524|18 52 28.8|+63 03 00|   2.304|
|GRB130716442|11 58 19.4|+63 03 25|   0.768|
|GRB120911298|23 51 55.7|+63 05 54|  22.016|
|GRB150128624|08 30 36.0|+63 09 00|   0.096|
|GRB121118576|20 28 40.8|+63 11 24|  33.277|
|GRB081115891|12 42 24.0|+63 18 00|   0.320|
|GRB090620400|15 49 24.0|+61 09 00|  13.568|
|GRB130620498|04 57 40.8|+61 11 24|  14.592|
|GRB110402009|13 09 40.6|+61 14 31|  35.649|
|GRB120415958|10 01 50.4|+61 16 12|  12.544|
|GRB081024245|01 51 36.0|+61 18 00|   0.832|
|GRB100714686|20 31 45.6|+61 18 00|   5.632|
|GRB100410740|05 12 31.2|+61 19 48|  22.016|
|GRB151027166|18 09 56.9|+61 21 12| 123.394|
|GRB130630272|11 20 02.4|+60 03 36|  17.152|
|GRB091106762|03 16 31.2|+60 19 12|  14.592|
|GRB170315582|15 21 33.6|+60 20 24|  16.128|
|GRB100304004|05 04 48.0|+60 27 36| 181.507|
|GRB081025349|16 21 36.0|+60 30 00|  22.528|
|GRB160316573|11 52 31.2|+60 45 36|  17.920|
|GRB090225009|23 52 48.0|+61 00 00|   2.176|
|GRB130831058|17 49 48.0|+61 01 48|  24.832|
|GRB110529034|07 53 19.2|+67 54 36|   0.512|
|GRB110430375|09 48 14.4|+67 57 00|  32.513|
|GRB111012456|10 16 02.4|+68 05 24|  20.736|
|GRB090425377|07 54 24.0|+68 06 00|  75.393|
|GRB160824598|04 52 26.4|+68 08 24|   3.456|
|GRB140428906|00 08 01.4|+68 10 19|   0.320|
|GRB161212652|01 39 45.6|+68 13 48|   2.816|
|GRB131215298|06 56 16.8|+68 15 36|  23.040|
|GRB110919634|18 39 52.8|+66 25 48|  35.073|
|GRB140725583|00 53 21.6|+66 27 00|  19.968|
|GRB170205521|19 08 02.4|+66 40 12|   5.376|
|GRB140206304|09 41 20.2|+66 45 39|  27.264|
|GRB111012811|06 28 52.8|+67 03 00|   7.936|
|GRB120915000|13 57 24.0|+67 19 12|   0.576|
|GRB140521732|21 20 02.4|+67 36 00|  11.550|
|GRB150506630|05 05 16.8|+67 48 36|   0.512|
|GRB170131969|22 45 47.3|+64 00 22|  23.040|
|GRB090709630|06 14 22.3|+64 05 06|  22.272|
|GRB080727964|02 10 24.0|+64 06 00|  89.089|
|GRB170731751|16 20 50.4|+64 16 48|  90.112|
|GRB131230529|06 04 26.4|+64 17 24|   3.072|
|GRB110112934|00 42 24.0|+64 24 36|   2.304|
|GRB110428388|00 21 12.0|+64 48 00|   5.632|
|GRB130725527|02 49 48.0|+64 49 12|   6.656|
|GRB090922539|01 08 38.4|+74 18 00|  87.041|
|GRB160815299|02 07 19.2|+74 25 12|  21.760|
|GRB110610640|20 32 43.0|+74 49 30|  43.521|
|GRB120513531|09 23 09.6|+74 59 24|  23.808|
|GRB081224887|13 26 48.0|+75 06 00|  16.448|
|GRB160720767|02 50 36.0|+75 40 48|  78.849|
|GRB111005398|22 41 12.0|+75 48 00|  30.720|
|GRB120618128|05 09 14.4|+75 51 00|  17.600|
|GRB170124238|19 26 57.6|+69 36 36|  39.168|
|GRB130615398|12 19 26.4|+69 37 12|  21.760|
|GRB170728961|15 51 55.4|+70 07 20|  46.336|
|GRB081207680|07 29 36.0|+70 30 00|  97.281|
|GRB151006413|09 49 42.2|+70 30 13|  93.440|
|GRB130502327|04 27 02.9|+71 03 39|  24.320|
|GRB080723985|07 01 12.0|+71 06 00|  42.816|
|GRB160408268|08 10 29.5|+71 07 42|   1.056|
|GRB141113346|11 24 04.8|+80 15 36|   0.448|
|GRB091019750|15 04 07.2|+80 19 48|   0.208|
|GRB120822628|12 06 52.8|+80 33 36|   1.536|
|GRB150824125|17 42 52.8|+80 59 24|  32.768|
|GRB140623224|15 01 53.5|+81 11 29| 111.104|
|GRB170923188|14 46 07.2|+81 12 36|  59.454|
|GRB111018785|08 16 43.2|+81 17 24|  29.697|
|GRB140319964|09 04 02.4|+81 31 48|  50.369|
|GRB131002288|16 52 51.8|+82 03 13|  55.040|
|GRB110319628|13 51 50.4|-51 34 48|  15.336|
|GRB130830921|23 23 52.8|-51 34 12|  36.352|
|GRB150627183|07 49 57.6|-51 33 36|  64.577|
|GRB161230298|19 40 09.6|-51 10 12|   0.448|
|GRB160909061|16 10 43.2|-51 09 36|  18.432|
|GRB160609941|04 41 09.6|-51 07 48|  60.160|
|GRB101014175|01 47 45.6|-51 04 12| 449.415|
|GRB150718656|08 19 00.0|-51 02 24|  19.456|
|GRB100517132|02 42 31.2|-44 19 12|  19.840|
|GRB110720177|13 14 36.0|-44 17 24|  11.200|
|GRB130928537|20 27 38.4|-44 11 24| 132.994|
|GRB151111356|03 47 22.8|-44 09 41|  46.336|
|GRB121014638|21 21 26.4|-44 07 12|   0.576|
|GRB101004426|15 28 52.8|-43 59 24| 161.027|
|GRB090514734|21 04 08.0|-43 58 00|  54.401|
|GRB090928646|06 55 38.4|-43 31 48|  15.616|
|GRB170106968|02 37 38.4|-32 43 12|  31.232|
|GRB150122960|10 04 55.2|-32 36 00|  53.249|
|GRB140701833|19 01 45.6|-32 35 24|   6.912|
|GRB151120349|10 29 00.0|-32 31 25|  28.416|
|GRB140720158|11 40 07.2|-32 18 36|   0.320|
|GRB110505203|01 07 14.4|-32 18 00|   4.096|
|GRB120429484|08 52 09.6|-32 13 48|  15.360|
|GRB120526303|04 25 07.2|-32 13 48|  43.649|
|GRB100826957|18 56 00.0|-23 11 24|  84.993|
|GRB120102416|22 44 36.0|-23 09 36|  20.224|
|GRB080805584|11 38 00.0|-23 06 00|  65.665|
|GRB091018957|21 27 19.2|-23 04 48|   0.192|
|GRB100205490|08 55 40.8|-23 01 12|  14.848|
|GRB160603719|13 01 38.4|-22 57 36|   0.384|
|GRB150513856|03 16 14.4|-22 54 36| 158.978|
|GRB110730008|17 32 19.2|-22 46 48|  28.416|
|GRB140129499|12 13 36.0|-10 19 12|   0.128|
|GRB140916234|04 00 04.8|-10 15 36|  31.233|
|GRB151001348|16 26 57.6|-10 08 24| 377.862|
|GRB110227420|15 30 55.2|-09 56 24|  25.600|
|GRB161207224|19 39 14.4|-09 55 48|   8.192|
|GRB130510877|07 02 50.4|-09 52 12|  29.440|
|GRB120119170|08 00 07.0|-09 48 11|  55.297|
|GRB171011162|09 51 28.8|-09 48 00| 101.888|
|GRB140526449|08 44 55.2|-04 09 00|  79.104|
|GRB141112828|05 13 14.4|-04 00 00|  63.745|
|GRB100829374|07 41 48.0|-03 59 24|  94.977|
|GRB170830135|18 23 28.8|-03 59 24| 114.946|
|GRB170616047|08 48 50.4|-03 53 24|   9.216|
|GRB150507026|01 16 31.2|-03 48 00|  63.489|
|GRB140723067|14 02 31.2|-03 43 48|  56.320|
|GRB090616157|06 52 16.8|-03 42 36|   1.152|
|GRB170302719|13 13 52.8|-03 42 00|  87.808|
|GRB130502743|09 14 16.6|-00 07 24|   3.328|
|GRB090826068|09 22 28.8|-00 06 36|   8.704|
|GRB170208553|18 57 40.8|-00 06 36|  53.761|
|GRB081101491|06 23 12.0|-00 06 00|   0.128|
|GRB130708488|01 09 53.8|+00 00 11|  14.077|
|GRB130324042|17 01 43.2|+00 03 00|  56.320|
|GRB090809978|06 21 00.0|+00 09 36|  11.008|
|GRB090519881|09 29 07.2|+00 10 48|  74.177|
|GRB170121133|16 07 57.6|+13 48 36|   1.600|
|GRB140414693|03 02 43.2|+13 49 12|  25.600|
|GRB130912358|03 10 21.7|+13 59 44|   0.512|
|GRB121104627|04 48 33.6|+14 04 48|  59.137|
|GRB121102064|17 13 52.8|+14 05 24|   2.048|
|GRB161214722|00 12 09.6|+14 07 12|  23.040|
|GRB081009690|04 18 24.0|+14 12 00| 176.191|
|GRB090925389|22 12 50.4|+14 16 12|  25.472|
|GRB160107931|19 58 40.8|+06 24 47| 113.922|
|GRB120528442|19 40 31.2|+06 30 00|  16.384|
|GRB150923995|06 09 07.2|+06 31 48|  17.152|
|GRB170726794|19 51 07.2|+06 37 12|  78.080|
|GRB160527080|14 33 43.2|+06 40 48|  25.344|
|GRB110625881|19 06 55.2|+06 45 18|  26.881|
|GRB130217688|06 26 52.8|+06 48 00|  14.848|
|GRB151229486|23 05 57.6|+06 54 36|   0.160|
|GRB130104721|11 36 21.6|+25 55 12|  26.368|
|GRB091023021|14 21 40.8|+25 57 00|   6.528|
|GRB110331604|00 26 38.4|+25 59 24|   3.200|
|GRB160330827|13 58 55.2|+26 17 24|  41.985|
|GRB170423872|13 58 24.0|+26 22 12|   9.984|
|GRB141208632|23 57 02.4|+26 26 24|   0.960|
|GRB120222021|19 58 12.0|+26 29 24|   1.088|
|GRB140807500|13 20 38.4|+26 29 24|   0.512|
|GRB160919858|21 45 14.4|+21 26 24|  79.104|
|GRB160519677|18 27 31.2|+21 27 36|  19.200|
|GRB100410356|08 40 04.8|+21 28 48|   9.728|
|GRB091030828|02 46 40.8|+21 32 24|  98.050|
|GRB110820476|06 02 02.4|+21 37 48|  11.264|
|GRB160820496|00 27 16.8|+21 51 00|   0.384|
|GRB101213451|16 05 15.4|+21 53 50|  45.057|
|GRB081102365|15 01 12.0|+22 00 00|   1.728|
|GRB121011469|17 20 48.0|+41 08 13|  65.793|
|GRB090126245|14 59 36.0|+41 12 00|   0.960|
|GRB160804775|04 48 40.8|+41 16 48| 151.808|
|GRB120224282|07 53 40.8|+41 20 24|  60.929|
|GRB100718796|19 53 52.8|+41 25 48|  38.656|
|GRB120605453|16 14 26.4|+41 30 36|  18.112|
|GRB170310883|10 26 43.2|+41 33 36|  18.176|
|GRB170403707|16 24 09.6|+41 48 36|  14.016|
|GRB100211440|08 49 00.0|+29 29 24|  21.376|
|GRB170714049|01 12 48.0|+29 32 24|   0.224|
|GRB130331566|10 57 52.8|+29 38 24|  13.824|
|GRB160624477|22 00 45.8|+29 38 38|   0.448|
|GRB120302080|08 09 48.2|+29 39 35|  80.384|
|GRB120323507|22 41 37.7|+29 43 01|   0.384|
|GRB130523095|01 29 09.6|+29 43 48|  17.920|
|GRB130106829|04 26 40.8|+29 44 24|  11.264|
|GRB100417166|17 25 14.4|+50 22 48|   0.192|
|GRB170119228|07 26 26.4|+50 25 12|  28.928|
|GRB110421757|18 28 55.2|+50 48 00|  40.449|
|GRB130208684|12 06 24.0|+50 55 48|  41.472|
|GRB090831317|09 40 24.0|+50 58 12|  39.424|
|GRB091020900|11 42 55.2|+50 58 48|  24.256|
|GRB120625119|03 25 02.4|+51 04 12|   7.424|
|GRB131020113|13 56 00.0|+51 06 00|   2.240|
|GRB150530488|21 50 02.6|+57 30 59|   7.168|
|GRB160912674|20 05 59.5|+57 33 56|  48.128|
|GRB130818941|12 49 09.6|+57 34 48|  25.344|
|GRB140930134|02 46 26.4|+57 34 48|   3.264|
|GRB140727748|04 34 07.2|+57 39 36|  13.824|
|GRB080806584|06 18 24.0|+57 48 00|   2.304|
|GRB160709370|17 45 48.0|+57 49 12|  38.657|
|GRB161115745|23 26 21.6|+58 03 36|   0.032|
|GRB140809133|11 20 26.4|+72 21 36|  69.120|
|GRB140508629|18 08 24.0|+72 31 48|  50.433|
|GRB131209963|16 55 31.2|+72 36 00|   4.096|
|GRB160802259|02 21 09.6|+72 41 24|  16.384|
|GRB110131780|12 15 09.6|+72 54 36|   0.384|
|GRB140308710|23 20 38.4|+73 01 48|  12.032|
|GRB150912600|21 25 26.4|+73 15 36|   0.320|
|GRB090305052|09 00 00.0|+74 18 00|   1.856|
|GRB101227195|12 27 09.6|-83 33 00|  95.488|
|GRB160326062|12 32 36.0|-82 41 24|  19.456|
|GRB101116481|02 08 00.0|-81 12 00|   0.576|
|GRB170130697|19 45 33.6|-80 27 00|  21.760|
|GRB110205027|23 58 55.2|-80 26 24|   6.400|
|GRB110825265|16 45 14.4|-80 16 48|  51.073|
|GRB160919613|17 44 36.0|-80 12 36|  62.465|
|GRB120830212|22 31 28.8|-80 02 24|  16.064|
|GRB120403857|03 41 21.2|-89 00 33|   4.288|
|GRB120227725|17 06 55.2|-88 51 36|  17.408|
|GRB141205018|19 38 26.4|-87 34 48|  13.056|
|GRB170116238|04 51 45.6|-87 25 48|   9.216|
|GRB091026550|18 26 17.5|-86 06 41|   8.960|
|GRB150312403|19 01 57.6|-86 00 00|   0.320|
|GRB110520302|04 44 02.4|-85 55 48|  12.288|
|GRB121216419|00 55 31.2|-85 26 24|   9.216|
|GRB160518039|18 20 33.6|+82 24 36|  22.784|
|GRB080803772|20 00 24.0|+82 48 00|  26.240|
|GRB160815490|19 14 55.9|+84 16 55|   6.848|
|GRB150309958|18 28 24.5|+86 25 43|  52.481|
|GRB091012783|07 17 36.0|+87 16 12|   0.704|
|GRB130528695|09 14 57.1|+87 16 12|  55.553|
|GRB090813174|15 03 12.5|+88 34 07|   7.552|
|GRB110201399|09 10 19.2|+88 36 19|   8.192|
|GRB110819665|09 17 57.6|-76 38 24|  16.384|
|GRB090810659|11 15 43.2|-76 24 00| 123.458|
|GRB160406570|13 53 55.2|-76 22 12|  66.560|
|GRB130804023|18 40 07.2|-76 09 00|   0.960|
|GRB161020759|04 24 21.6|-75 39 00|  24.320|
|GRB120114433|17 32 55.2|-75 38 24|   2.752|
|GRB170121067|00 12 07.2|-75 37 12|   2.304|
|GRB170124874|18 48 09.6|-75 30 36|  22.784|
|GRB110521478|03 50 09.6|-62 20 24|   6.141|
|GRB111003465|18 27 02.4|-62 19 12|  16.640|
|GRB170906485|02 19 26.4|-62 16 48|  45.568|
|GRB110929187|19 12 45.6|-62 12 36|   5.120|
|GRB160528276|07 38 00.0|-62 06 36|   7.168|
|GRB171004857|01 46 14.4|-62 06 36|   8.192|
|GRB150802127|10 06 07.2|-62 04 48| 313.093|
|GRB130406288|10 31 07.2|-62 03 00|   7.936|
|GRB140928437|02 54 47.7|-55 55 44|  17.920|
|GRB160827586|10 20 38.4|-55 54 36|  51.200|
|GRB160829334|13 23 33.8|-55 52 59|   0.512|
|GRB110205588|20 50 45.6|-55 51 00| 158.720|
|GRB140506880|18 27 06.0|-55 38 07|  64.128|
|GRB150425617|14 16 55.2|-55 30 00|   4.352|
|GRB121112806|05 15 55.2|-55 26 24|   1.280|
|GRB160516237|20 43 19.2|-55 19 48|   2.432|
|GRB150815604|19 19 40.8|-25 32 24|  24.576|
|GRB160612842|23 13 27.4|-25 22 30|   0.384|
|GRB131021352|21 56 28.8|-25 21 00|  17.664|
|GRB170514180|08 08 24.0|-25 18 00| 103.938|
|GRB170405777|14 39 14.4|-25 14 38|  78.593|
|GRB130611538|15 55 21.6|-25 13 48|  66.816|
|GRB140311453|02 36 09.6|-25 13 48|  14.912|
|GRB090904058|17 36 45.8|-25 12 43|  56.065|
|GRB131214705|12 15 45.6|-06 20 24|  80.065|
|GRB140327065|18 52 28.8|-06 09 00|  11.520|
|GRB151026169|15 12 09.6|-06 07 48|  53.248|
|GRB110921444|00 24 21.6|-05 49 48| 149.507|
|GRB130504314|23 11 48.5|-05 44 20|   0.384|
|GRB111008992|14 43 00.0|-05 40 12|  42.496|
|GRB131127480|03 17 36.0|-05 40 12|  59.648|
|GRB170926528|09 46 07.2|-05 34 12|  15.360|
|GRB111230683|10 00 45.6|+33 25 48|  28.160|
|GRB111203054|03 32 52.8|+33 28 12|  55.553|
|GRB140304557|02 02 33.9|+33 28 28|  31.232|
|GRB121221916|14 17 02.4|+33 33 00|  38.913|
|GRB100831651|10 45 02.4|+33 39 00|  40.193|
|GRB110831282|23 29 24.0|+33 39 36|  98.881|
|GRB160219673|15 52 07.2|+33 40 12| 145.922|
|GRB141225959|09 15 00.2|+33 47 42|  56.320|
|GRB080919790|14 38 00.0|+44 24 00|   0.512|
|GRB140218427|23 09 55.2|+44 32 24|  53.505|
|GRB110609185|21 51 19.2|+44 35 24|   9.984|
|GRB111109873|08 39 55.2|+44 39 00|   9.664|
|GRB101025267|08 58 50.4|+44 52 48|  30.976|
|GRB121117018|18 36 33.6|+44 55 48| 331.782|
|GRB160609690|01 37 24.0|+44 57 00|   1.600|
|GRB090222179|07 54 24.0|+45 00 00|  17.408|
